2, 3, 5, 7, 11, 13, 17, 19, 23, 29, 31, 37, 41, 43, 47, 53, 59, 61, 67, 71, 73, 79, 83, 89, 97, 101, 103, 107, 109, 113, 127, 131, 137, 139, 149, 151, 157, 163, 167, 173, 179, 181, 191, 193, 197, 199
43816546
71943049
34225506
99635465
30383296
66992167
97886241
16813607
1093989
99635819
39124717
86115079
27169989
70335358
1006860
81901128
17206471
40332212
95836135
14652933
45224992
29200607
29606115
98317798
38749135
12641984
21146645
84130943
84614205
44849670
47338743
36648822
19129748
12749458
35847377
34035989
50612516
38302720
61858300
57887871
79813980
75475134
1593756
45872209
10493470
14291606
13230773
39773818
8240750
428627
24690861
82730985
49020866
61697626
98973061
94454130
1689219
38047585
22306149
37940786
27750417
85393015
13360452
58690857
66728178
47102784
2205869
84414868
17101729
51904189
37569210
46792211
61223488
45599389
90128385
55074391
18610011
19126103
23076049
38117916
16007873
49629491
6312369
85599868
58372777
30855389
96919055
94920978
67181329
46136842
78999941
38057013
44161007
16077403
91147981
92787082
25198210
89690779
11444918
66033347
43093672
81349667
97901208
10266962
58627791
1683492
66253887
38818145
52878463
55579055
65970810
71971760
44608603
34298311
99236827
14242029
48523349
74162737
97877591
45217273
22635251
59168482
42922494
88759882
35656162
5178529
99461505
78101637
40574697
89592132
28689667
44094128
20741300
45229850
96199159
36243856
61896075
19279381
38371855
49720705
57803607
76392865
79602417
37317575
3053095
14294805
3427473
40661796
44445180
90081349
7476662
18435542
77649078
5537320
847272
58455652
50273562
35531775
87836586
70272434
86308961
84696100
85941421
48011844
30507182
63201531
50563485
52529388
1135639
40989435
87825186
93341223
61009665
33431947
55697462
79789911
6537492
44810558
60997010
9710795
91347177
83891741
42735449
92343710
67911877
81568586
76781748
63636172
28994139
71306120
12735052
93663758
94444446
5189078
68278879
876374
16045278
77729162
96093422
66069929
24894266
20292614
40368084
99681076
23131882
37422982
33822182
67225697
13698785
73360117
42860971
76956877
1838703
78355929
32198374
57533547
49139510
99210283
38196162
74915911
59521269
39879800
51132708
32866809
86760242
84005511
7904763
47825611
30577811
72468078
68827711
23783571
12652446
18414028
77955690
94517792
74427591
96761742
72143821
41082982
17144343
5458376
63397380
87786912
57210400
66491483
69291529
44034194
6905003
23551763
43311787
27342957
66430249
36549857
27902482
42658178
70536761
95157989
99012798
31086973
66717737
77351347
60933677
39138270
59760805
44292285
47745055
46340219
91164176
39065013
23982442
72526790
52632963
51552827
39947986
50414936
38814987
20517663
50368310
69621867
77482212
76013369
34949663
91882264
25595449
36823780
42887794
594831
72031641
59076161
53720893
90834613
55884876
57954658
14696810
97367460
52855654
2828357
3994120
71441011
59806604
91117035
79349859
10956786
60366156
98774762
34680272
76545313
75383021
97717333
54170088
11132448
75088617
965713
48990240
93943244
93637929
79199594
47342705
27214825
86271931
42134971
92099720
35861205
12138133
80844991
36674013
57910235
76318160
65293226
88087179
77898395
91773162
45648629
54524149
5027404
82906069
72360955
80953994
81520686
65037416
17288261
88923384
94826179
11350895
20059652
86236518
97400986
47956950
37353938
75892201
49858329
56148467
50292026
49423100
65917213
62000368
50632995
64900241
96078297
65303129
2887011
11247990
25642812
85645117
63167252
18050009
6893245
5241354
82858019
36145152
19196312
54659960
87040135
89676660
20713701
15881421
50922441
26038452
72127731
5561072
73951311
38771036
41983272
69822936
62174880
1365637
81898733
95138844
16609524
45126289
32452693
63030371
76286730
17255088
44813008
93670611
5127029
23230053
14386165
96170683
32938691
20001902
96136650
47667630
400718
50447916
49854564
21819394
50885221
48906312
15991044
54571391
24707159
31475518
7504031
39785425
20019638
30132344
57412164
82180234
27235098
78185020
94425551
96140350
72170557
78828962
96911325
72874386
90333799
70664973
28546925
91204768
75481196
60181455
27267667
44359864
46467113
2835295
66146534
94296733
20896880
8081139
39169429
38389552
35154953
51832200
65493981
90357466
39479507
46311072
99485289
34438317
88852967
49512303
46893402
62181381
14597858
39272898
25075842
24032076
45340165
62128076
62912475
79720175
79702277
96021227
42983987
85962649
2032524
17884189
10554576
35427265
71969975
30582738
9317447
22229895
74409289
89157271
31087373
28084893
45894752
52383159
43661182
28120715
49865694
7240773
42842711
58133069
69209049
11388213
95168310
26438509
71970062
47638142
87947326
97818031
52074775
1200294
88399999
53092448
6420690
32059910
66343086
73000251
83319598
25985356
93184512
91271124
41934316
30076532
78212213
59978860
62207609
26015016
19865622
89193998
73932910
78514559
78467580
78679627
30307962
40955701
65716114
74647975
34590443
26743410
83272057
49084483
92386344
41571742
72330351
6355694
31939603
18286821
57727641
2605675
16136365
5571055
18692675
51943309
98942610
79957078
464613
70867780
36973475
14153294
98920494
77869251
22062426
58905802
91733709
28043778
69697295
76882794
70785030
39031266
78813624
66199609
9133119
37294152
9252606
39779427
39488647
441399
47135340
49868370
58415121
62989177
19259323
62358748
28845489
73221167
35131287
12178927
41652699
38676853
17831813
47339999
54081636
58432431
62788753
91360732
34353729
28125223
45783023
75476662
93802908
45340541
45584514
14210740
20439077
33814438
87984167
63648244
27342413
99450110
52756271
83810690
10172629
40079324
84564606
56096984
44084178
70435616
32807025
58766700
84408464
58857603
46601783
11442620
22895036
90824379
2004249
77580666
63707379
72971273
47421868
64076181
72937422
41419689
63966694
95532411
52571875
57999950
28220759
10721964
28795701
41845380
52635299
24814317
99528238
65529112
23616437
3839996
73420698
44190677
12318653
75801887
89878435
13236617
33953929
46899924
70675626
6140757
69131812
60345394
42574473
66093176
34786947
98215339
60148286
46824654
15677808
8674025
97823538
22452449
78431760
2818406
73666781
85168490
82995135
62636118
74315693
20706062
41737019
35039248
63643684
21997113
32034125
89029882
87435988
52414016
37249384
25149244
69337883
11471117
35224928
51367681
54896177
60966577
14688690
25615828
29064106
35503705
76871207
92323079
87947198
13733871
52228112
95500334
61581508
22578135
69950531
91898262
84987996
18911286
96800563
88782158
35072549
42214484
81145167
99329836
30437653
19634064
3661142
48944665
24621771
45792970
60150352
63345878
46915464
34329590
19714067
1596908
2842516
98273006
20410428
51161604
61257923
15027675
70809245
28303278
65265595
71400553
46882416
27487989
20540849
28990147
59284672
14010957
12606129
67431718
59702898
66129796
24863591
15969996
60487674
10825995
93346594
18946718
76806988
17822648
77061385
62765852
67869784
76472063
82855695
42199778
9074902
65175855
80265020
92733966
42370846
4481724
61410444
26074697
51885926
52815437
67980551
18835631
90245722
17912465
18465406
48390827
59077681
90364910
5831715
9680723
67250670
58252774
50773072
3911573
31215885
42314217
46345005
17186182
60681150
70411767
21068139
8458750
10066184
48995200
1889326
64367113
67600873
24901322
80119461
81996863
90830201
96731901
46222667
3508564
77380956
28914897
34822752
12361299
23862673
31684351
72341503
3087915
69579785
87433951
93709295
50432836
86411490
20009153
79590994
37200099
41565506
23554957
96164161
3780808
41557803
13842137
29565037
81807343
39455928
55066651
58848314
28049381
5460649
89205482
9942737
69382690
69887641
35054958
33458042
6144896
50302932
57238896
85916185
94840214
77867745
9156295
91793993
40894765
7358824
8037285
38523015
57023997
70824883
59492209
63963710
19438828
98270404
97030040
6730336
37283726
30423019
20367158
11210993
51810997
63071157
38155277
70190392
69209028
74844630
73647562
67611453
43276281
31785412
39517518
42415606
65378838
91322561
66151044
32416260
57143538
48306839
69617338
2920544
46451118
2406149
14317167
79074517
11239483
24162149
61756708
16601382
64699092
85514602
23373768
81097588
66298970
57775081
16399576
45212524
99777640
77686426
87907567
94317255
25303870
2000017
36235855
95492986
40356048
47871855
51339305
70570009
8675821
27497337
29652102
98747496
13274366
60713895
70659658
96079908
41144312
99593684
9577773
66260085
23338518
82994065
79737045
12301060
7385295
11917063
96864948
82007531
44808517
77519079
18055193
27746825
44753273
61705207
18554794
83514502
65038190
38667265
74039931
52152893
90568525
51961060
6493086
59237289
6567131
97615436
33595700
73152901
84476597
54557685
60907816
16278986
49090721
81189624
49560220
15259629
27115653
35630865
65700055
34317228
13491313
41475379
34156380
37335919
12198077
22471792
94607515
37266801
40085694
92977754
97714912
5390997
32367153
69281797
20320526
38464734
953660
98542931
98599227
29507925
84230077
8192455
7269346
77273447
92834409
90570489
54639066
21955226
45133982
44570859
57824726
7986294
46275709
25631626
85769829
58643829
83121397
16969835
59320678
80825023
97934025
99686624
78825829
63640388
87770932
6993388
18006020
36437956
96328869
42674712
38065302
69356658
21544722
33433389
93204055
8202245
51145882
42956686
43236152
27634522
59158835
93869189
32277122
45500253
35906579
69467579
83963644
74526478
84416840
16188164
8678783
67596021
64622679
91739980
24794930
68193430
79442979
8458863
84203680
40157942
83399513
29435789
26411542
53359623
93462536
57187360
20803413
69992951
63270072
57990888
52294387
97458829
83084180
42375497
71985276
46013096
48758279
28919766
1574315
67149142
2117939
19127348
84752318
32511021
2439131
12564717
98445528
12579381
49250306
62893041
15864833
21700289
74031863
32183179
40440514
16902528
40336382
80455404
1806379
99208180
53575425
74537709
83111718
18146399
18394512
65285456
8281858
94788339
63128297
26999760
47014412
57669900
38522875
2181633
56757844
12427163
17305765
58787780
60639300
92893172
66458261
41762187
15279464
66587067
84690912
72489950
97554014
77949570
79328967
79625798
81069647
85018860
80657791
87205659
15983850
35824867
94203438
88528065
73167920
78035867
56665926
61291021
76386385
20403720
99234203
1728396
18072126
32520665
74965625
82155679
20746901
19498012
98267248
92359786
34035068
95087714
64965626
72269110
51102803
78962624
11858988
46459780
79440126
14993145
9440183
702990
60136464
44094766
46657596
3709378
93623349
6856949
25928544
32323933
73299551
78092667
10340501
83874202
14646375
82737873
82334270
18958427
5752847
73488976
457904
23608126
84512675
88927984
51972544
73929591
48774933
98346326
43853204
87987448
11790554
97183330
24776324
49601777
76071621
77311777
51726941
99851920
37996697
545307
85523561
36365153
39669889
50070003
29053930
31774745
32832826
55267247
88517189
53597700
37997153
52206030
39024064
90577723
72394789
89609732
19140895
83556826
37374470
67273298
33058450
13692871
91410317
28964923
73569950
11365283
25780282
58853194
31300838
49195854
9382095
23520298
79046953
25952989
32774615
14912053
81352635
51298781
48934492
31890979
67161205
64852219
47379541
68299284
50160294
41317775
75615015
12086738
90730543
18061147
59989140
73133210
43918316
32489702
32664532
71141609
91465363
96787555
45621392
54205362
35763952
75373846
49341190
88267317
8073730
80208334
34982185
21195175
17982014
52740876
50406401
94017406
86264356
12475373
39865880
4878471
18181986
80550801
71197543
54006573
98267071
17283413
53398393
36589756
40614195
70424694
71374584
28533045
54530373
17850066
23382160
63112003
84668311
90635235
99230210
72811167
56429237
57166276
15914889
23936586
87547612
82487725
96176785
34011485
19100955
88462882
89987770
87431288
66065897
98069604
31396371
54029851
99967357
22989805
71973102
96359446
93823356
89120294
62978324
90394172
58759990
74905437
16269740
62323501
15188395
70160044
35193216
68486376
58724105
56976458
65708259
78264900
37885428
59850714
34799067
45835103
15096591
19278094
79201890
47471620
67620476
45896500
3734478
74272227
88493581
64037453
51328543
21294847
67101209
99075926
77704057
78697929
12490129
57492908
8569135
84444850
66466561
90380506
43199131
50560909
46199711
74850487
78835835
22251308
55317099
24276219
18774939
49159706
14283026
35937414
20462138
87775225
27614994
67172495
21690893
74284803
44810105
71513864
67827648
91955452
46281617
7854082
15897910
30723699
54393380
89258777
57636186
21938663
67231994
2928471
36916676
88220249
81488800
46407690
96281824
83792264
86641882
41292039
12442140
94725893
81226565
66919651
77716920
86249356
63569021
90061518
1982826
58977857
23539763
547707
3345589
85801543
73542904
41869259
3283794
632427
41412033
42493130
60249049
9316076
77460585
42839350
42367852
67504695
21166326
64389837
30533197
70919868
46367822
42179226
53274293
11490678
81835968
55786509
98465069
21409831
9915621
32095800
65499725
29738275
31535937
91516414
53745987
23559857
87826370
66414262
77207039
64923965
49668088
56076265
47004584
74188300
64011767
32448786
90924425
40990857
74650848
16380549
31599196
86318325
57742277
36887
78951842
95474021
51130216
34151195
77100247
77703296
71782935
15250709
97771119
85614830
3610379
63539161
69103251
47178439
40007663
70147677
99030478
20893322
35172653
48907160
69139540
18506783
38277090
4817074
90257056
29949438
65221820
65196840
62488012
19946933
43811719
16973270
41351530
26331337
41377756
99577862
77464874
81338312
46144836
40222333
55063186
92672652
72571648
57406289
17870673
94150196
89207415
51643197
91175477
74235075
42646632
25517331
82127319
36439257
53033610
53730803
3543344
34341243
69050078
19698240
65299457
28990267
79637064
58843453
7372220
46629863
83962090
31744416
69020588
59271341
38385712
80218770
7101212
57614620
30901343
85849433
25350888
1210536
39637682
66028920
94875375
87194292
36442839
47805071
53263313
85240399
9901122
12509916
83387221
41741959
71907706
308105
3557728
66332123
32961698
54156726
43206758
81154254
24582448
68710290
6574824
25057730
94015287
36746297
99187386
9506538
62774592
3650061
48035628
98918359
71382262
41896921
73815003
21621711
78319429
81147546
36379879
16599450
72927931
62703214
37514841
89082058
98175772
25644309
4373128
59340929
57212112
43984446
76193909
6948835
11795772
94888816
92006066
49716264
13421816
92357321
31341877
80405921
50413458
59793546
63852226
85341521
37781792
48377712
95381746
60646061
49495575
72711575
82200166
20115804
83579598
34819449
52391714
75892074
38951104
25583528
50687753
9919805
66335784
36731085
98190046
4475536
6510651
57446397
40928433
54913723
92615871
90669988
52999268
4128577
96581519
40688391
2781658
30154030
68222712
52797651
11403814
20070122
50961086
26951246
92004650
16946167
94278790
7299090
8072017
11550130
22953474
46090192
59008478
44754227
30385137
35419719
86216186
40484655
64465911
12372003
3933609
36669608
91124566
22452427
15172702
16224193
31874351
92059854
65436250
21151621
71465546
49008329
52830543
92656601
18783636
16415196
79447852
55679187
97244160
1538297
92638680
89335567
69983995
15535726
36693335
90351420
95191676
11154950
50713281
662580
65617331
29367151
2326378
8915553
77781748
87596664
16277974
18861996
83215366
89649021
80269642
32645954
11776767
54023888
55128350
65005888
11736693
3346956
38132037
92265839
92190534
22357139
72834529
43405745
43348641
65914433
22974637
52806453
44798905
43688268
28774109
59731825
46027619
62074598
50046821
77978839
58111091
1356861
8931454
70193574
77092797
16843384
53632604
41513958
23696103
26138971
30344275
8813310
52798317
59679073
74891016
80825516
61908934
48563114
5063486
66341738
54271693
36371568
92432555
92474415
95542645
81874751
84521091
92558513
94642173
99762207
86839379
8454370
25846902
55183473
52687604
43529439
60170984
80950732
17051700
71913753
20286554
20316079
91975514
97817209
82243169
4833931
93136628
62736347
99874637
10975589
18840984
32546802
74044673
82415575
59103738
2123456
75049208
35060472
75954864
43137167
56630164
64675144
37123343
84312465
45124372
12222542
1197613
67334895
85099213
41967958
49457119
11304319
73739353
68854485
77530965
60461915
47337351
51800983
59301164
98649674
35123490
76500858
21147726
50602453
46846552
32100318
49833878
37740125
12185886
99785854
22099409
11788064
2225515
77787786
97034955
77449859
97164867
44196016
23857333
81787037
89811914
2602735
63697260
50845891
20187143
99135317
59588780
45164569
43941885
90917902
19322275
87241601
92362463
78450045
73051545
28023848
17887570
95794293
27410213
51655644
59277286
86657629
59514518
44727638
56104108
9283197
71251276
72851248
11506113
65383064
92163485
51238074
72918523
97432368
72859151
85802040
65310352
39956611
15111623
14316282
5078930
45179430
7203307
13662353
72157758
90307763
65523311
25441512
32038940
15091239
41745126
76564961
94369385
72068708
91608274
851190
55010452
99659865
73910473
12600770
48939280
75765544
17882890
37708223
20718330
78945501
11963675
80348990
20288897
40942679
47380184
65875692
82868622
62918184
22059243
27812808
11807066
9692193
77572473
7048524
20115370
96326976
38589423
31307600
6946290
69394172
69063558
5936600
55665350
33367255
68047061
23744051
81525200
12463924
73937159
38836914
89766623
4020881
89294906
52780574
46438304
38478593
62061518
77293035
46679029
23828409
58646563
27741132
36546455
97467365
78828425
1567673
38935877
84702759
73105331
66203734
96491948
32485933
53377560
82099463
89829480
25782398
54211577
69238141
68766265
79302296
53003179
19948068
62405464
38135511
53064932
15187929
92823855
45926020
43786473
8936863
93363906
35621965
95838657
71181783
63590682
16083573
74447611
51999684
14897113
25754064
73080198
35144071
95570854
10908488
85516645
4752423
68181420
94116326
37485819
31876698
68623802
55831245
49127536
15447572
89339859
38716216
26163059
60262720
65112447
84215993
43885204
75382835
20156431
55938383
29537520
86868968
42478492
64735644
11797407
86457659
22932545
89792725
64658321
14385816
78131072
8033263
30356733
775063
23141449
98880181
51095646
79954933
11447107
73689541
66749118
33490459
26727920
817129
50780382
78202841
72860031
66574264
42628357
34033906
55301091
62383223
37785545
40730070
1448195
77044995
72552611
19573120
86809655
51599982
76265261
44440495
43517901
84624762
68558864
24050433
33781588
7085659
25277504
55027808
77962696
95459939
66769267
3678544
51542521
5544788
54469382
88850716
68266546
64933951
29066474
59275898
65018298
1789479
30988776
26011376
70515592
6936747
16317488
93137264
19452261
13420655
38577351
58003134
74238604
46745533
62566357
6005731
48220642
23429496
81866860
94602508
89917787
29594391
53757389
66849318
46567371
24757096
11524553
19192036
14903872
95456778
73846376
15732645
33486440
58295970
96465880
91453233
27485949
72157893
7440728
20764500
98230007
54712197
40731902
87112106
10221382
8862828
95650978
51500392
87801958
85969980
16506312
564422
33215043
25662090
1937363
68125243
93286744
43164621
13378200
28167833
35051833
85805363
51718543
82265487
46063544
40217629
20041819
65631623
22764043
95027543
54216535
62582210
501777
60211085
56881205
23107073
24552711
4865566
50495330
39758271
52858056
18707865
66912020
88153651
30230102
988669
85402409
97118113
26419232
4211040
41963862
5031088
31217741
10527181
23654971
5906774
39245690
24398768
26281894
56514604
33081690
17997008
93540326
364042
47163099
22208210
64465864
80495816
68944745
56520511
33149922
19002857
94378709
98707345
82321819
66417734
70136084
42078903
72060473
38149171
94413309
23123671
46845825
56256366
89043109
25851389
68807324
94790626
38116784
83562705
40341992
59008503
5178859
20794979
59667763
92183949
43045670
25753130
52543133
42786291
15487531
48338276
42984744
59771926
82460250
96982260
84016300
85865074
87370991
33928674
83695420
78550060
42670157
44821273
81508788
17570703
55452422
19594397
78561263
67579973
79384306
38120731
29970185
48936964
69228985
79490144
43075606
49476779
18979245
45410659
18080555
63296899
4117016
90428947
18855525
41167137
91780661
15032857
26987361
55354751
18594459
28641844
49854804
41684435
99638800
41824466
93808941
44624701
6616158
17531248
94001455
16144330
81215680
64622739
69827161
82297527
77102384
64415208
39500837
18565730
8963897
4040727
85994580
45247610
77129679
56589042
59826843
42763975
79680868
242932
13427135
64204054
74672336
39405354
93537114
19486755
75757124
35226338
74672937
45759986
20612688
38595339
95129154
86394787
74763800
75795845
76263884
8444440
17603331
54369071
70397166
50125653
65809191
22184014
35498945
36912394
84625112
67691780
42955669
26807991
80633002
54990310
80025533
10740492
54349739
15447651
6264030
10751442
98923683
91623767
95991539
88684629
84667344
87387266
67081789
94012135
48704707
63943923
24162092
3365390
46304214
78770809
79078765
69038717
90816931
53316944
13526274
46778652
67639480
11710495
20661012
18344392
50143552
71898409
22987702
73829275
11767037
6953251
63257126
29570174
91184490
21200875
68052799
64808692
29074117
36786648
10400464
11022269
97728199
27663102
48203786
31357371
24113322
74439803
85724268
58499489
96978171
54371505
38553482
23966018
97956604
54811794
3084628
38911118
95413672
8012280
25326972
6699357
98960941
47369831
48772746
26619847
53432273
72886314
72993645
33824549
22532111
62787384
61467502
49839784
77503502
87602608
34302490
59859490
42555966
79749842
55384405
47121945
2068585
4111366
31939205
1908903
51935857
49185587
53510733
50244885
81201906
91249023
32605509
60734015
9602170
76076218
47199218
20394696
54743572
46992659
14064986
63609398
46805696
4034144
93785885
70348174
70779737
27010135
25475680
72808844
76701076
40291887
7635754
94280410
31016626
59724248
13879216
64502446
14610378
12520013
26313605
7640668
37758788
18832508
12463961
94853701
9984651
29019161
94055598
75415987
33455037
53867442
81656744
698808
38677489
6039595
4557751
71785644
74355655
74732994
16148289
23993757
97592769
56213366
9151167
36351898
15232703
49759535
75903891
63979901
79815803
70108015
29097558
77476029
45165258
24195304
2241272
9932031
32839188
5313996
59389172
21569549
713966
30495619
96124552
1176010
34879584
3524013
83390735
49801490
40904334
50583734
25386936
5633392
30041854
73662189
71967240
33782153
35605514
423165
34912556
87094038
27527071
12000894
49439165
92646940
54164298
17097038
15917032
10182350
69892019
45262745
78999336
8461083
70312553
28858419
42025582
64412851
82128194
84221122
6902372
88028438
28804370
69988296
1845673
1608572
30403377
27722040
48875796
9909995
99664348
44532104
52845365
83833760
53774598
82210283
68979450
70233011
21096842
40549466
43608032
84255382
68749944
89043897
44785439
32345037
10519679
20058600
43183600
99658842
69524356
13864591
66430527
56266530
20620687
41095553
44860734
99072795
23823104
70756498
66718214
43103186
23005060
66693134
45018242
82637479
91417894
11684176
51043166
43500576
81658093
79929912
57362084
19355749
783040
3584724
11187397
14291512
76690593
264809
73770451
22836804
12325789
46366661
87765875
51993760
42743526
18819529
57979041
92781091
99076827
37903816
47224801
73451201
12733013
88819111
16009670
59588544
14738925
18913464
24472074
79143159
85225386
84858712
12724216
30002662
34983093
83996387
86793376
17911265
6616419
344762
66874853
45678810
49868612
3144975
48727520
51658956
9568340
68135400
3994120
41035570
66985415
63577020
17542453
69481610
50544171
97951408
32690498
42990612
25267001
96344724
9245485
37060183
56366456
2316950
87266826
46691610
95294499
83307167
74266783
48881037
41377683
792155
28970737
63249105
16302701
8465082
77555315
37119378
52111853
28536604
78420188
19865929
75160312
87106734
51090866
48294588
46398469
229453
99599100
18778899
62995328
71827453
42214430
45849146
76720298
96872116
16302531
54205600
87467446
7051367
91235004
97038698
72332186
31188222
29833654
22809886
51105218
14288349
49702313
56878236
92942705
23086659
69752091
58962439
47330498
87896347
9900806
47081116
39619956
2654784
55952217
81099894
66602497
95318702
97089737
29816737
60553350
1772015
57179007
81477574
7468816
55521971
54649506
48780501
25114071
81342397
82641515
70830104
79467897
65889115
50733040
66917222
91298585
74439010
28811553
31346592
8264966
61775283
64223020
32365915
71848212
68087488
88715024
55572570
42209024
37022304
92008485
60513530
53664833
29904860
56137558
91587132
78102752
78041967
25293130
24630756
1538408
92134976
35714809
88013069
91707077
51876602
10566334
10665066
11847911
58486208
75756941
9081092
66847341
40290665
15901161
1304037
89890750
29410336
62351507
59892485
44986541
92518068
40839129
53444561
88688172
33731588
64391483
55096027
65719030
76780745
76149320
63269675
46067045
32390323
74671046
65810256
98861076
96552053
97024695
24047842
26852834
77027364
82971233
84689686
82162968
27500254
64010178
44778850
5015157
97816296
36391533
47506369
62844896
50429880
8533340
64764953
61674952
3457670
57422020
25352068
67094211
15858439
53115899
19398474
17279041
68005056
81171574
15998579
91247520
24212951
90709889
75244386
11543711
9698573
89588768
29736635
84325414
60655021
35407552
53145245
12214961
7170159
15378129
74159682
51923924
47739412
3510319
22039947
50766509
75002122
92485815
35855848
36505213
99481875
80667623
56044970
58728800
36233727
38583436
44793681
84998884
46313952
53124653
30899035
29353485
66011585
97922528
19379016
56891712
33932832
61988332
70345780
97440352
58545506
91081040
62474976
21477527
29730066
85760515
16931299
54119727
56139509
60758807
72316377
76367271
20431247
52733503
44875937
19365675
33564954
33902284
32429838
59101247
44060704
17865953
81796797
21911258
87675106
58833008
69128884
57578266
39268660
173850
86065417
79608362
21793184
93729189
74658038
13461538
95265321
64071449
57193922
76666652
79179317
4183364
92956635
75076344
23716299
38178080
65935670
20953973
93068623
45884306
91399287
63171062
29245951
68645182
82768703
70910867
31989740
34958823
88172997
13822016
51152553
92920208
76636624
75556011
28960587
20603866
38026100
85394228
5790669
51347646
24899996
1192330
88673137
28432543
83578963
10473150
9550129
92423457
95760961
33725266
54953231
47346044
2466256
73312276
19291207
7381473
40019055
74636826
78788526
78198152
70330957
60919605
31308303
56896788
81484069
57625728
60734539
58094283
9071254
28550791
23672979
37829257
33451126
47597999
11074181
67561233
44630920
67668610
87486923
74999650
14976552
82694276
33860641
76176932
48629809
58542588
82208324
27580674
56720582
49445576
39199513
52500783
83972329
10029128
18834242
17622761
47396878
1819833
33850447
67221309
70321853
35444188
71953612
24388398
19256749
52637832
5745152
53785208
16487247
18242032
68464940
96412891
45201450
15003235
53520887
85430785
7005568
92167811
40522422
93170699
87686999
26462335
84321237
42303732
31766180
94434132
3234248
54563659
2511020
81086367
21193571
37894235
46273365
17927150
2417091
88341221
11720535
271433
33034327
84631022
53035390
50944007
63749149
83890880
92745641
84300929
64670617
64589628
14309590
70218173
30498592
77215808
2044951
25833524
80161083
56199148
64852300
10510768
26019921
58330873
46493776
47687497
31110169
48903309
83362651
14673412
82281715
37510053
30714787
48560017
56246899
47278570
86798800
85307601
26938392
90091216
42369640
77075324
76479172
58500735
80876790
57233794
99183459
14076935
39595120
15587346
64630753
1465928
61094753
90979379
2522857
40402957
3943721
66046222
94122481
81674097
93187366
70338327
62540634
99925160
6635923
48940644
34050082
14590578
678633
44738259
9204600
53080582
56869361
32895080
35629857
23864242
91943858
52819042
19622843
19872139
49673056
14407429
19327128
45103603
10259474
29445389
10120989
86129849
44771179
5964375
97188284
4689699
62820688
13516727
29910998
38917373
93612297
49616105
70234962
50876746
27767589
84448514
65374256
20652638
36979635
79000200
11161366
61878393
90966703
43857262
92026632
33192398
24618635
42506257
88046494
11794820
65315877
30117359
727539
65782339
54878333
36722390
46976369
26158905
88035524
984608
78842592
47460764
76551624
8783690
20564222
82319716
77787305
32098309
89167323
20372670
8070085
27272750
94495086
21266879
8704732
29924310
82854015
90271794
56014796
9665933
65763844
96488325
65966715
35813707
45766761
41654845
42085397
70805432
78221159
61319804
1036525
71154224
37065779
53183947
39522434
3689108
19491279
34612337
34938517
98806287
26349465
6542083
96440458
25686125
59381709
20660443
90387921
15726769
38625694
36139820
14109371
47656875
7322029
53919425
42403920
70332305
10600991
48798113
76004260
34045531
50868935
47914153
89442676
12697841
47135919
63494702
8978590
40704727
41936024
17904135
72930139
31144011
64495982
48128483
95574230
52030532
65968479
24260166
3967058
92035473
96593318
91889316
61492155
74831384
6295556
98021882
22227043
96931571
9581004
79430007
15363374
60783368
72827340
91652203
32881735
7204129
891390
13892526
74417478
47211287
35723249
41452281
18136214
7152577
71464767
32506154
64168312
15157649
19861815
11171940
29551654
94893326
594820
52368725
67481833
85571292
96229756
71949895
57596428
57374249
74745669
56266796
34025009
24734138
66539328
96153521
87563458
43823886
25083642
4293283
87603981
57969491
9316292
78564897
39752559
174770
45510150
12071007
13893876
60070085
35298514
56432521
55612090
19371847
45798863
45512651
86193886
67765474
38932439
8123987
90423608
28821721
97830834
94120971
2699332
49739612
60270317
86921537
74330527
96016183
11947948
65396564
23329672
22454760
14206228
81171183
49826763
35074990
94216047
56133572
39349007
36696574
10244017
27979087
65215829
15477234
41687886
37432013
25327822
46203673
62588950
60283134
55436429
31491917
60752173
52452401
37217621
56581443
91067836
6550627
23724005
55558385
6285409
46369149
49596788
70003366
91873238
5399440
78098132
94368971
3727290
52854172
91351936
73238655
83680193
50098332
58170901
53039995
63444090
14100508
18906004
86139409
28510238
2012151
18018744
89920995
33933902
6126669
23134033
10592080
3785696
98735751
10597570
73610207
5300887
49195008
91705527
75140594
63472231
63810866
68503690
48463210
13240674
23328708
36805398
18135796
19948538
38619390
23522607
42113070
99393624
28101545
14052911
54841604
73548208
38885665
52342755
80608042
6375067
32434794
7184781
60806480
26039695
79663147
2540959
58478274
25593053
70517271
24181705
26679015
9756910
53442858
18625924
43052070
50949013
31411855
8858662
45954444
54195037
27406259
93363055
25602149
63483224
64769739
62338021
21600933
77285421
30455402
20944177
46925154
18938151
9947237
39211709
31649238
95624567
71199598
88754755
18120138
93920948
26165066
22186147
61630594
30549752
77395039
8370668
47411458
93487339
20378008
63506789
81867476
37442865
26807770
50108290
99206512
12174420
97469002
33732171
39520739
79200563
63111291
45444598
40555956
28113262
63573639
87610737
79574870
43125555
90336914
23990246
71854934
15983688
71606779
26528651
66648407
34680957
64179185
84400952
39891730
7651150
18231124
63020874
70579841
94074935
9871386
80754312
35744523
73257661
47761070
22980466
34686830
68762156
42732285
84711253
61914186
14356397
74898393
82350884
31033475
34820888
3338629
24657719
94658178
46328797
88427768
3012456
18177260
95614728
22109097
85816340
15679375
65415479
97613268
51410513
67534373
29378238
70863510
63715367
40811374
94902720
81494916
27375842
28468568
83089146
95721677
37219833
90486888
5595006
6580382
26294682
24168781
88690335
92721451
84710305
72975917
9684770
21095231
9453399
24897361
18271862
96676254
56125268
76254095
20922263
17496434
65600511
80212727
81522170
16232459
82155789
98282019
6241815
61945836
64122199
4698914
99721899
54731614
94121468
73582475
2645654
82787347
81941790
1296607
54455938
72816628
93189296
24311835
34241396
14206565
35596128
55747161
7347801
21888551
58656198
13404970
75682088
12941754
46231158
20494198
77523259
39195438
73722300
10432373
18548404
13358704
79992875
83134202
36431817
8329199
25913310
34748222
57606112
47207787
27292551
28648755
16052708
5032480
42135130
51640577
6831857
85056896
80921493
67747753
86387295
3012802
56429438
96945985
73253539
40449103
34518991
63513571
54229913
17209493
95617920
63296068
5174493
85730943
23081229
63152850
3952222
78908021
44228312
27184415
25854319
62203636
50346461
71720721
12251060
30597763
14372977
31787815
77554045
22957245
335125
67325855
72884467
77430545
37384043
87013418
92663113
78971852
19767041
3202358
94638337
26064729
47954659
79314070
84134607
14137753
89421080
17776366
85121911
82123889
56186194
25763528
24213009
61539778
14738534
19280504
45572318
31047634
82412558
7485379
72766760
65171134
55093971
65488406
32599035
42111774
41050942
89258131
72014779
48622897
96699891
74323720
73487686
1427977
15285290
27168753
84794462
58746262
96274448
28158489
6413275
43681890
35809771
43202978
57461255
77569296
84795832
69476340
34666687
23235254
68488696
90579738
49602844
80720460
69014228
19986043
61826282
86827268
95547878
8534304
79542555
17027984
73497392
98035798
42612930
18319472
69528748
46115874
23146390
67664379
91213205
16523384
84838623
84579064
96121042
17987319
42055106
3623098
15509553
56041492
93130125
48278750
11788896
95100028
59405408
35357847
63992662
39802096
45007856
21322358
84392299
48879333
68551613
16895589
32982567
10595745
94284716
40578530
44895356
7573057
35581271
99250990
43819765
780249
80839552
92033242
7333315
28046288
73802357
15326350
47327089
74372452
72714533
83894875
29544229
62885674
80222035
87620677
47605284
90753153
98724846
86250953
28938946
61305031
56878577
4988309
29526257
48656521
80369821
1417990
7102211
5626895
65230561
98234701
54303688
72050197
89169059
83805052
76653218
28339742
9659479
58740381
16431291
63133218
70123995
80429625
2700611
16277703
73501186
61883803
6110973
48504461
80134122
47944781
49639119
56536531
48942661
12428264
13719397
35080033
80080807
56631378
43999876
54967300
51158252
9587180
23367789
2784708
62998566
12611678
23922692
37860621
515367
57940325
43710542
3672863
58458430
21661639
73021489
65471484
51459942
76045414
99761180
91956233
71937927
55991114
1116594
99603573
75449234
33831418
59541633
20877730
11987868
67134431
30651384
93614164
46894
78524100
20802137
89887009
85074650
80280179
50721535
96350193
19998621
59473977
74462626
34072385
44397446
68135986
88025094
81447173
28735413
54333479
61192987
28891028
606088
78379344
47753332
76984506
773014
57405627
58432528
83240819
16765593
5255543
36164276
35985431
62197737
99732778
39931650
21533966
88153379
49961187
11342904
84485675
20036783
22771633
57614059
71899276
94878705
56518516
36392118
56037493
82316755
30698247
77487941
29701276
2044238
66919287
82873444
5276229
53163593
36822741
80326738
92995153
59494599
94111418
94832942
28175815
72248321
43963141
74899977
38789143
9329277
41945562
92749112
41483939
79604560
13577357
96383902
62383585
40026597
46786020
89242010
51709052
89433861
6957011
19923749
70541692
4899194
47020598
27914165
85646981
25070400
8441425
6558458
49329044
52972068
51033052
28160058
769857
92437520
28802201
96053700
77747491
36053976
60498152
30971661
53092531
63172094
74864333
37028755
51218021
12890497
61999293
32852337
13948554
59328987
15037391
47595187
17089603
33234468
6282934
25967027
86205613
54796636
997184
89416971
23478996
32627923
22884131
18376271
58361192
91008406
98991003
64950261
67660630
68109134
39822822
67890199
96261563
18830470
38007228
47383718
19349331
7741774
52688926
99169462
45425599
64593889
957595
44563015
94831239
20102994
90825354
83381285
16659577
82621046
43231358
11765219
55746621
60988852
95824068
74840628
76486453
14368990
88346550
90198086
76141235
22728325
1442786
20246974
82606293
95878937
43609413
85551126
86190839
26244921
70905879
7200435
2072648
3292343
12214328
69840130
37922761
16055898
76481473
82517855
88947114
25580551
17563601
36592123
90509175
51143639
44508726
77635015
40940674
27834190
11219797
48683573
18141424
2017336
86196915
53786487
42625938
49355831
2695765
23462239
59103809
42201320
19226884
42557514
4568243
91415496
5409075
6930457
79248989
14731880
75730369
76571085
68774672
28356060
53816764
65755370
95369084
65269955
31161189
87227874
32332794
23928261
22194557
28665319
78996045
19289960
75457419
59310884
5427661
78304127
28285166
79399571
54329592
4239424
85158059
39430374
74822138
69661540
1486006
64585081
60470481
9129697
94466821
83260015
22497401
9298717
51430018
3753167
70565335
52295207
17863237
1154661
96960434
2434773
16270672
51822793
17550844
95207393
56766951
54993997
18925944
75747315
10043102
57899191
42215446
50606130
58786296
53062031
10865143
64717244
8189148
88763760
75297716
4438086
20462320
73651466
27967441
89667228
4335320
2942321
4605130
25751755
82215913
74198138
36311709
89537844
35703904
40563006
9468866
19916019
12982519
38235480
88209660
71996042
25603037
52388123
53947281
42157493
44160250
10485911
96028877
6677448
35614477
17206564
56047668
52771056
39129867
13948949
88006646
36137634
43717688
18409897
15122096
19771133
52594622
31286861
54694608
57183417
51453588
92687998
89943027
64146174
68339622
17005950
97251391
18394979
88691003
32763790
82304619
23180627
87666185
72264817
9488626
90564897
39582526
63749166
17575714
96704078
69430872
1017663
9951027
36945825
59580270
53733452
95547401
60113732
96450877
10637326
17888490
61408281
8987595
57150061
98519381
73834641
38344782
37895230
28081399
30187708
98533776
16684845
56548983
31427255
93371904
69058840
4298405
15198635
77166379
22635208
64154066
56789124
74473081
24446185
58646851
27913834
55195515
5609585
516478
7027931
64621711
7466591
99693292
67519486
85368924
7247051
48998693
92024797
76418836
35942243
60785758
16431894
14570853
1245657
8742307
81858078
12554503
59287636
18675411
45866498
95130306
74303140
89811379
55439270
98868495
63427502
71429365
42762122
28429130
38866685
52798913
57797892
53226720
34455604
81050568
83971539
9644912
67972152
79761571
92300346
54189495
23274571
52350075
27482210
7414870
55933572
41359881
80654286
5566230
74105201
81839374
88887733
74689452
69326505
33401446
73551267
37191703
74284928
63001673
39911366
61179500
77915476
8951254
73441056
93597409
76335133
53254484
68432798
65983429
89883627
78238301
92874128
85902976
67787188
11727195
88789068
73402074
36603010
49105698
14375188
33341283
56584964
974617
49040255
21303614
57433820
96166525
70933821
98969248
62218184
9996280
5748782
82456026
63960238
7629417
38379084
87347918
38619814
66314589
55294216
10619052
77731239
72523467
6977540
78014551
27440170
29191279
22541450
28514169
9794656
59223182
9229601
20525709
21640417
25965066
63084484
15381703
72248754
53397410
94053136
24675226
67057844
52570534
21547558
91178559
85061114
64372078
5863980
78410526
35935330
72689813
91390172
32278979
17429426
73145645
61110936
74494886
26580751
43515835
62832407
50466395
82091187
67131218
43884274
34262337
65488452
96165960
40297602
19914601
52680294
35567626
82970311
23024624
68244482
66010615
93578674
42388269
55006181
67930452
65219692
88216472
92171264
62405269
55619821
37762401
2200261
77857448
69294108
47866283
31728749
71468612
14094760
85215936
98363883
17129134
68932684
52508479
90403188
97848676
22025890
25898662
93854501
49822691
36582969
78148744
87147885
54705018
95404847
3869347
93160067
14186958
13577696
70418358
81550025
97798782
19333099
90306579
47804240
79950276
46431720
4937457
98483274
83002575
75138926
96193886
83467036
44691968
79340197
54361876
40999467
26924754
22235785
87202682
7003607
89491964
67018028
88046655
78426693
62338696
31670122
48486528
94050294
77405922
10415732
51634610
37748107
21530136
7896519
87148007
86101544
68896234
4816209
48389895
26504746
81725382
31716942
82696636
52312605
16173605
10045877
89740341
17585425
30769520
57783625
87759141
44894704
22806023
45187242
83609864
77231254
46689393
54280799
82704821
19839376
58646309
27667038
40364806
72580150
95637564
68828417
12371284
29133690
81283629
66416291
32528750
41520672
13447689
89241894
70922709
78814500
68759680
4179476
75016748
42622810
57063284
71734509
98990339
46204913
63039518
32937750
12445852
43644880
62105284
96348214
73871861
53054862
89310486
62960175
89431167
51312772
78645686
50645358
49506633
69486994
3127126
36634697
2214230
23335886
5959782
25485829
76321321
19869249
65171530
80132527
47333703
26630092
66186690
4554572
53942990
10342381
35909643
59670580
59755033
3225653
76608105
69417202
18604504
48071728
83292706
19098169
95806128
14410296
80987133
72510479
93493637
57074054
30207440
50276446
55457698
56599312
36064923
14686088
59399370
38232957
39729749
27047678
78895308
97631904
76486883
42375715
89736315
5572456
80033826
36908015
39785773
34711751
46711322
19356464
16447677
28012027
12635557
537077
31891958
47647239
13341881
76806484
60351629
84212128
21054655
82285898
72502720
64282384
14976049
81017846
45827026
50314186
61828089
5372740
28631112
76003946
15191081
21677562
82807705
31217573
20277034
35425100
54191269
47835689
32517988
378351
5460223
80953652
64673367
42030547
14194177
64773374
98839260
39915377
10937565
35314083
93892246
95239180
9544935
80657198
73980493
54610989
8055534
58314093
49957927
88728051
23939091
91713687
76603965
6901326
56410577
84145476
45888430
4682051
96517656
43381786
57246278
83047425
72672590
49668390
57185470
22115879
54219706
69046361
72321665
99464483
27388961
19066625
53906823
34004909
22271532
99724380
31470664
81502662
22739751
76791824
26583316
69415879
99302604
85758144
12084501
81710406
12341102
11627073
19023241
1480133
39265672
31286152
2049012
39656715
42243706
14557190
23577451
59146116
20776226
52597801
1130294
78328205
1036096
13114585
71144372
59416177
73527674
61431832
78920215
28092050
53539464
54030570
39416803
6854751
87925175
68727146
72819452
11973588
83121867
67677524
52797606
58108836
59858640
744278
20232866
75124282
86320058
39595122
71467350
44432051
95607197
46728187
19869027
37476567
68157433
39527040
57395344
10668837
24734493
60728918
42367762
51671914
68095890
27104686
24303524
7516886
71126426
83104595
53035768
30230038
44948560
3854357
43242855
95531218
50423980
92649859
73467345
27267999
61409394
55603938
47939901
9787704
46953507
25845426
89601410
24238828
41331239
3322438
34824357
11716291
12807438
88144935
73047825
16524763
57087998
43911721
96811547
91638751
95225073
83627656
68801170
78556726
90287238
12537932
32410204
84555495
33972209
34064717
90816604
15251810
81577935
44521439
88117204
59741840
98192288
85685417
8627686
80643449
54267355
10070681
66256797
28855330
85837251
56335434
11934604
41621102
2991192
56278932
25098051
9744624
79253945
21690431
41613244
82646382
20745659
75335693
11305223
92279482
47574360
24431185
34257361
99966537
5154604
23668044
24153124
53994572
64194692
38411790
97789652
76169076
13778154
73182703
24301065
47205320
23053821
15627943
75844880
87283621
31368021
25989748
30902199
23924204
3220574
82262640
49468654
5649645
9297395
59066839
63726365
29143320
29053636
55773415
70202207
82074640
47224738
9174570
60950744
15845701
59090606
41407264
93674494
10097006
1122098
90462216
55382054
24118869
46051058
14564781
13736195
43974748
48402111
2308391
65014749
62151628
92505216
97462440
39299877
54871155
51091998
70946326
11908371
14503045
34819383
95384348
63827884
55197710
16711297
37360253
93047955
47294486
74125295
84535011
52279157
99541052
61717263
79090446
7983684
73295438
10817156
78801284
10203127
9407163
10672035
99800452
3049153
78071129
61920391
95990046
8888483
19591868
39704568
71716178
6286700
29511926
64969327
50172225
18072838
74639151
70919915
94995752
79861085
83924723
93787645
11681661
56194830
35860723
95346662
3249929
23851948
72664338
82027432
53167641
22273502
4298632
96285873
68524327
12755757
13239725
85106444
44765424
96839195
17332800
85172806
1215305
67717195
30457995
70587736
50134894
12510103
70300297
52840735
73948315
9182128
48309886
18895891
77286021
19775468
14921271
92532347
36400770
49079794
26808637
45355958
3380747
29700774
85463773
52534543
98241140
45782887
91256696
4877061
37723650
65674044
91795059
78581053
6250898
34990143
52752750
96285274
17910367
43052573
30462746
72569969
34038327
74042913
39155908
46453984
66090446
69623395
94009892
97180602
173325
24732962
47025784
77171704
60840131
14473957
50559585
80498262
81857939
30612924
10930743
64220861
78412699
7177515
98208707
33433229
92571975
11519013
71513531
79216741
441893
27811111
19041958
27408636
49718028
5239067
32670155
56318608
59193423
97465195
81062976
68667596
51215002
35772657
20258541
32380724
75177019
6766458
22401952
69926215
31612802
35036851
11961976
43025041
63321522
70122125
22066682
3509107
71148973
5266567
27303705
59149532
9845849
76494293
22101869
78223005
40232096
78764771
85724650
2545954
50142542
1774245
6475353
32668410
54407161
55881395
37953805
33614486
98816765
8441746
44816096
66483988
42462192
53140000
2974561
73122817
33149062
39660173
64492010
69228890
98171481
65631863
12744882
14519884
20866987
13984823
60259534
35227948
28257418
35824338
92108280
75897090
77073699
27975922
69679229
52824241
93056418
34072113
23535987
58740247
14125308
3048755
55475140
14634819
81826633
32932595
6155684
70276287
6872668
23212649
2305972
66618133
3123431
5155496
22960443
15784991
9840232
2197260
78959819
93155546
74553878
9624704
16131513
47489402
80694024
82548980
74855341
87999630
76806912
59907093
14918723
53292357
25115404
79449885
93670791
43214801
21538021
16436149
68334631
2313098
14989800
93865674
35757847
43375278
1983496
97457421
14568077
4843772
29325252
44744252
64534685
47976910
298950
22528341
361207
95322506
47940558
70186704
42767432
62965008
94652610
54942663
68712505
22006297
78437327
16529684
45097021
84120199
13980757
721331
29669166
85669695
38687204
3401319
66703443
18046457
25202544
22586738
53697745
82759169
75353435
60840569
59439381
75950163
51893364
25285998
21225605
65439593
33818349
69240132
46658866
89425743
92279558
57938474
1635631
37583826
80986500
10354917
2940638
79744383
39578124
86479788
94483552
34728863
37338774
55288179
15449984
95251032
23455354
6310583
57859467
74750397
58575834
14263085
52398536
45548121
77593053
25444861
12367444
84924511
24103470
56346940
43854987
9205133
76157990
27304885
42238212
84089433
56333869
79384838
2838809
77792105
62890390
38771596
85435203
66763427
63633615
49502957
78464519
78215430
82293187
87352722
32451229
80636400
53066578
59784861
33950229
52922563
91889931
5894680
26171574
50184567
38709383
12865976
68965608
31274801
94735811
41906759
21426544
34008060
50958576
22021135
99065991
9321164
81278759
7397352
354669
2389290
91104611
60659500
79311688
68510834
40385805
32569740
50937367
12023368
19797882
28223481
6023359
16133222
21376967
48852287
14736155
90626931
50628791
57715370
40331878
92393728
39129581
48347207
77043481
40510324
24297704
15854218
22542609
96142835
60159132
28724320
92535282
89563120
68775905
11091218
46751375
22223867
12659548
94960760
41905450
86912272
86167510
18339958
35634930
48692311
84289272
56300295
85542437
52144364
28974524
61797716
73284749
65044896
68096479
83455670
88462224
43621117
62236756
3341452
61789519
43344467
22049402
16738369
51149939
58386174
68599744
43973413
10135031
40446717
25823723
45222307
94161658
40341232
57039146
66541745
48910073
36397644
51550883
78797444
21181081
3737693
27719949
78924584
80730960
11722183
89467219
61698278
90604596
57009618
51534268
95198765
19468500
18790654
36804049
9812375
31758524
16720867
74044585
53283335
44806621
77491897
41645193
83943511
13843039
41769026
46073858
21128583
52048581
20530357
45501813
28185698
92103105
27454379
5782804
18808722
27928982
93655190
35352779
76581516
2323624
35437451
66600412
38158570
63263671
75733067
92017891
87649582
98795844
2487269
95183984
36649797
90000931
21328438
87302771
69668536
50583574
48536429
48454331
19404910
30316894
32351503
65908098
53278890
30781416
22570526
2653588
38634058
99740800
27767109
7474009
79882299
33479108
55356961
53709392
46516900
89006338
70546122
85034546
13388923
2420086
83284489
63092983
27424796
24468650
7239002
57661542
87726581
5797330
73201997
31888037
87850898
53402122
58059522
18307245
24553126
5971530
34841129
46305669
98129017
68705184
51173658
58620786
1727793
17495955
42861796
28163044
87005179
93596673
10543949
82688346
17853814
67721698
21144786
23288710
98704192
81640767
40374669
91885491
35063356
22260446
97094567
60557289
24919686
79225570
60226749
7950555
38844660
11824383
648465
37269465
2758911
80856027
55363975
70120483
90286268
60885142
76359360
89909264
22179201
20833185
34077113
65278083
73152920
31792022
36032792
89123891
19188176
32256296
37011296
56646940
7188525
89207902
71930371
89350261
12487
46703190
91290553
80075260
23366897
1497486
44288488
19729081
91514197
60865510
28084284
39562923
17175973
8310966
9941123
76376014
41406186
61267195
35149349
90513918
65506291
48137537
86080750
60689756
74977137
19916274
10610805
12415858
15295527
52085609
66990507
20866460
81123223
41905353
39951409
54738456
8173054
18052574
22578354
25545852
55322098
8702819
80389798
22237371
19498844
48355105
89305083
27374124
55162182
36055739
87217887
63183044
73910451
88134129
1893597
14871827
77813697
39502496
90865728
62557763
44137795
30715614
42000930
87794654
39706314
99685510
11228414
28195453
8236067
35713187
45746698
29827373
36265179
69047447
68611566
18319511
29700116
58438177
12537992
41136979
8478284
22995500
89723171
36677004
78368989
70371119
48453486
81497255
35154822
47206448
96142937
66126696
45472599
11663029
7714014
43844331
55459866
5241083
8180210
74016271
4946095
76208993
23682993
54854911
42585147
64063373
69730237
82567225
6394302
33058399
13424956
13153541
84962751
19906674
13597902
74083560
40567045
20842369
68281137
13059840
88946470
37796718
14865029
43264331
66015233
14532765
6868459
85168611
57288673
62753585
45701865
11745760
91336420
84587342
34122378
39008985
15884548
89483354
66729691
1915651
89016655
23069897
15585115
6342883
1480193
40547894
78034062
80927815
45577408
40275588
68289827
76727497
24949933
5439527
44063951
54767478
44564973
100675
7488694
62028226
96568991
85671966
92875505
89288305
12962421
96342576
77304091
5560862
13001936
53025558
73988689
94582466
70206991
384010
46292089
77863816
30451622
92429651
71367723
66768864
70028701
24176685
95971443
23296159
47766412
43047577
24628576
8475921
77321187
84248030
44807511
57702870
35959108
19175391
43489392
50190433
68598659
20424130
75215987
25725267
11295877
54105462
43540560
83368152
23698441
18339644
14882173
38964435
25063008
73971136
70958325
1162965
32726180
49557147
51485219
30275240
75798012
18858210
8622039
95044002
751217
95271031
71652296
27107446
68497492
79469906
21701617
17059203
87793586
19378561
24538091
41567622
85552232
58662070
57504939
43746750
61834296
33787195
40222914
38959875
37439769
24643728
70790622
11485275
11884503
56138964
80699827
82501894
25223051
70555553
99397347
96271478
75116319
46483849
52108669
71976784
25570715
3595113
95596628
62508992
73941909
63858427
86237145
77920644
1923508
98848758
6463290
46351367
72375280
3745083
96032115
78296056
85954128
90349839
83923320
65734610
2053860
77549375
80558067
21415114
55360331
70016870
55204238
14412640
86982004
39323144
68180871
80600741
89242417
14683201
4446648
36580309
63499921
17419948
11693845
34088983
36535800
80481733
2005841
5376466
35783207
33949102
74466544
74970440
27850676
99926422
60530745
71589074
21912541
1210640
56945367
55959790
4356853
91252728
30454769
78611765
24144306
15357154
13479745
46268340
66635728
79341997
46452653
53041989
61291444
6571229
39108373
38163003
72232033
2886242
86619499
72038302
43056117
14696012
3221727
10740606
51362233
63960913
74705781
25223795
69946253
61280623
1307312
51787113
2318463
97362417
90170008
57525366
52340858
57021820
77887503
139163
68025549
93058466
63887701
56996266
80482436
76791333
79185895
31055638
11955955
98292823
81483704
91293537
64158737
50681
57860496
54764526
48107771
58977942
44628532
35315482
57675611
16530176
50866608
63888801
37790624
26404397
29803127
32624599
24838512
98913490
20022720
29435150
60787655
15713937
33522995
35481517
98872272
70469931
14282689
67008046
47828794
80997128
48391579
38568541
19861190
57473019
92399559
38170828
2099322
2543338
75821933
46469492
64626186
12191578
31001838
64077423
79637726
63111289
85972405
78508508
99770570
70997920
34278737
56649315
64538727
79044104
25514636
38871008
62424963
94633573
3635828
51992966
12886107
83800875
42204704
17803954
28047454
57771493
63665466
86894004
97912089
57801735
76153855
59456732
65387313
89623020
19530612
2303377
90541052
85989753
73718615
86086371
21558922
64228771
47672080
65471896
25145805
71202988
67987480
3281214
77421089
81149831
3558593
67270490
39595737
45512762
16948907
78032077
52805721
40888287
94960617
36276082
39189106
49292607
55557712
28826614
74223317
10252037
28466146
28183079
69738934
64071823
4021746
58816496
25402127
8115690
40113144
24999840
40607486
70637925
26048320
77541650
96676640
81204228
68826543
82399673
70970395
99397468
40640837
40198028
37629137
77662588
17338900
34530055
19608939
36744680
21061264
69750473
79363449
69433920
14835295
31126803
85665361
49545447
85800921
10829702
27914929
7248959
64239988
47772050
71164188
38946566
65570197
38640531
14499407
84537385
12841454
56538920
71484636
73332226
82339724
86591757
73457917
18340609
48535866
21090147
57579956
55305031
40761735
91324922
14933013
68000007
26245438
30017247
33200545
80661184
26608996
52657553
21174737
98448860
565176
77164833
70055023
34011492
34105919
20227567
37104595
86370466
96631928
85342884
24224345
36544633
68703620
29436098
81222695
3673447
53256676
30539568
83691168
82123877
81615467
45112766
88320907
76470489
9093125
44971043
29648124
82604826
23499479
80730347
21580327
28740189
43335465
78053551
36598200
13570890
66284250
95123148
87890354
77317292
42505226
5902346
92903748
99138519
50245486
79567955
50191612
6609247
87176371
92788006
12624648
70892355
59158664
46240409
80382103
44040810
14909365
65814965
58941715
63991901
61387332
11409484
18988387
45176866
61932899
60542681
90227093
22094584
33769629
69044742
39591556
96248170
64624261
39984515
36020736
6514967
80875364
56166322
97053645
91898992
65921061
98519114
94540112
73840179
14455907
34152563
96515258
97715323
23141673
57874452
50583901
41887188
44958894
33065031
99962031
57914380
55998872
37843147
61499210
40806641
10598224
69156169
50968294
93834226
4293985
13773257
31151429
28844769
75425273
88290688
45276164
18777064
33292736
92279510
28783648
13881492
3384447
33694235
38846192
68887239
16161862
57397998
76152049
51940080
16577802
7368012
55076582
93318787
45637588
61385324
37839670
4342602
38547938
13983389
3413275
37471299
83762339
97676833
63698739
14485260
43498617
89599138
84212412
17275333
40653097
35545082
75601713
31024836
49041810
62489625
70668624
48993297
93980517
94251592
90919572
16154037
71268153
15651135
78867488
8966152
63570970
35564847
8003946
74458349
66489617
22353241
11205195
90271370
43427172
69389350
25422409
96299288
26724939
11074573
54690355
16998433
82758336
50698273
43244284
1084632
32399637
84918505
9698791
54996626
27150550
94534199
43661323
96071790
42176512
73251269
28967156
7496808
28325451
64322400
33381494
69799269
63948403
12692908
63133151
99406439
18363554
94325867
58954735
33433051
24398838
7314594
36886077
22234234
78177313
11386022
26937944
58812585
98113690
24469775
30605680
86569343
97455949
5930654
88324299
59270080
12478353
43880302
16447423
46662397
39290389
55426046
9615959
86967990
62497074
15366022
39690784
35370358
71803740
23573790
64958394
82826522
78544490
62620033
62940429
57265096
94190154
98711351
79587768
70690995
77419244
52023246
16787266
60314915
75270120
40896058
44492728
70376629
59618332
97747144
93377885
55444443
25661480
35032206
35395251
30893913
13428405
43695386
65225314
53048695
19104358
73269355
7499423
46278349
6059943
1871673
70955573
50600417
21858864
32888154
88574818
61295532
19101833
37952101
33383713
52659450
21697752
25932364
83623333
36794910
15150007
74150401
90516823
18521550
86662795
40376032
73058542
54012216
40714686
20738804
76323466
57084157
39854974
65152162
60360118
3227635
26852916
26998068
95413128
4811618
5816658
99900506
89626837
85315137
81873857
18023520
72040548
34046737
36969990
24865356
23891967
36815351
66839939
36523923
73923905
84897361
27026861
74685537
43394654
776108
27560854
37344306
16558622
36613866
36804689
61743188
93678413
23915648
55824867
63783026
17911195
34440947
64944889
79152813
65757041
72204298
25898803
60762375
66711186
15494712
71019412
68519007
68678902
15070106
39734092
69569378
52030308
26902953
66528025
17173972
69026783
84757404
47994712
63170248
48279975
39308220
33075485
78115150
14120842
76098768
4481974
46147462
66752700
1186841
59846691
36729177
34963966
6346201
7769619
95406908
61815181
3716293
37533318
65116102
90696089
58319767
46498808
54117460
61530281
89575372
25087709
81213454
84672235
67767819
54367730
14006437
85869801
96227043
6766241
36953330
34516417
99734299
54945381
43202626
38486190
3288689
82032844
22460542
93561894
55459574
72380259
84739766
76169000
74544384
60804980
78586913
30091490
73504866
30128756
48866393
96997859
42557989
20830480
88687288
37524167
29297193
95813265
95678520
89251687
40874206
53611401
77765636
27491668
30826856
46269794
10831222
84955288
74014564
87628568
33614154
53915002
70836106
70647816
70868996
54509656
67799974
79473643
92572383
87569651
24936738
47760767
99050047
49396262
63976213
8668097
83652368
99697025
6196215
15040379
48792013
49025160
94537527
75536059
99703434
62404720
5422293
14142179
35992114
42578251
13109542
93487591
55835039
92320774
50334482
83761877
93893810
93527325
86975824
23038143
16710451
33284556
88856852
43187794
11900137
58442491
89138761
20456609
59441661
39813635
75663775
45615597
33127225
23500770
79484870
6374022
21502750
97503043
23879064
24925567
13417528
41128404
33682041
20581485
1763078
46142757
93999734
57752861
90564460
36931578
52690963
12480778
52423402
42750775
12151077
39953803
78812118
25179896
97914853
3873444
52281297
90142637
98764112
44997809
51519487
38717997
96553966
45832581
47043517
33002994
58973317
39622634
60106940
80004262
7975353
96100843
69898095
6614913
86662185
32672201
3971278
93168392
91894020
22981467
9374294
81944116
19440947
29888760
51384096
97575567
7880528
72535673
27978832
22740267
89061234
20399892
98535271
62129074
58514855
95696725
76957073
69704011
15450326
47690024
50135777
7162163
14264315
16307012
70281356
77337049
55027777
27696899
89673381
72746881
81040987
36384759
78542866
49593893
19162603
28423609
11566026
66194556
45479846
372756
17008062
77666802
14901078
23503439
8182091
30171514
15321118
6035303
29183537
32072330
5769322
70751110
60265886
97890436
88860207
76887441
81153449
19595803
61700004
28860495
83376594
27541228
84468089
163893
57311641
62989407
22126911
3765074
54619977
78105957
30842511
47344831
6877896
80516727
45816410
96260716
86734654
86860574
4957788
4984106
19619091
41335561
8915145
20924832
9633820
37996355
94065149
46176704
75448733
46076373
69803447
52846845
17668555
63521615
55009349
79349294
35483739
726504
18732738
58768653
96649089
76900447
2991405
61303927
19003666
37889454
70106587
19194614
59533581
29788390
49249622
23663377
95775827
60472541
8263169
67101431
35516307
11027216
99367233
73021814
82500488
56625618
43037465
66510041
15245919
5080298
3666589
10147916
80556489
88422069
69589364
24554881
37302242
24468436
16024732
97416827
35597731
21670215
47164778
10889005
95965728
91388444
13359429
64411844
41294906
42216536
32818897
55274783
6775620
41752903
27387997
76234765
71941703
55077777
53825794
77996580
31516618
33808192
56941810
21661849
53101149
57747186
85278246
85122156
17149963
11165875
48843200
62478539
49136951
77236871
88102601
77911047
26443374
86084073
53054650
90999888
19593639
66048549
76962548
83982496
82993564
87523561
2497468
77790745
82749510
11763314
20753705
64822935
46364405
82544172
83134250
21707479
25111737
43017438
22119942
49226566
69905778
34934704
1557005
31629357
79162538
70816517
44640700
29154109
30301065
98750529
55435421
40396359
82730147
45187631
57997710
37284483
41960415
23090851
37743167
87121783
55571524
31862542
62138435
95144987
74715145
97194341
74366399
15980507
61563098
6023772
79145809
68646265
61204335
57649555
38425975
7198672
61426089
53936960
66997590
74320501
37614717
11886009
68331310
54718103
24703918
74523835
4132681
28616974
32255938
24678329
84217238
34146396
58724261
57905368
98553887
48737136
2451607
60395272
99431868
78817037
64014417
5916923
89820647
11361367
66605767
49766286
54026675
458480
62504225
84803572
33416484
47228359
25275948
11425488
10370474
76934893
20650276
90215051
35874606
11737587
87981453
4804612
37162686
87255861
86168288
91416523
32558993
80616549
86721403
12647046
15231161
67180506
13382766
1447474
31017436
9942745
31710235
27569540
87941235
65138818
41097094
90212334
2786263
96922492
78284410
139823
74529417
99022698
90571155
34215480
35049215
92640111
89419055
52870062
24155973
31525351
56234149
19013881
33265816
52652731
58350451
5807543
94140237
83619895
37044726
15819007
64695194
83895928
17411387
87424395
51348054
76062541
67786692
72338691
82616368
99052770
81531227
48633581
52678194
23735805
66842031
68613786
95849629
8772658
13674942
44980436
79879041
16441864
41833423
43333387
51295667
55374018
68691431
36996893
6170993
3603266
10553456
17678506
82346427
89566729
24866664
45831088
22676217
45524001
46496675
9442901
34031878
42953618
50679202
94663512
21838076
12666485
22042481
17365086
84138638
91880605
52466068
56207404
83865170
58615774
97632846
92410124
61442873
94703228
2989357
26342120
24402042
91381165
58579843
35705394
92054811
53113636
54754365
14325120
75261125
12338213
37814857
64155880
34829053
66449387
7597931
57770404
41288191
22476404
62958639
36324262
66901797
16186601
13743363
9374409
56479993
12178154
4868809
42187541
91920892
89816016
59366502
72043897
8003241
4384691
21588021
78587173
22027780
16654667
117246
88351029
29211168
18192749
19334890
55629627
55260178
59632755
63096250
10638681
55901179
58872015
48866611
61114872
92209113
61677242
77133939
98027029
18911537
70016425
31419933
93993029
80685188
23461892
95556020
97293608
57415812
33702309
30229389
45651221
38380849
97144983
17141336
44323314
61507385
97850848
46509057
51837453
24668519
75658341
69689688
50477935
16136375
70079157
76272931
65059297
15772529
49401879
13751591
91959071
4890844
38063713
51240831
64426389
95920971
87233772
36168840
62648419
66164123
86352047
91113550
41487297
67038610
43156899
48679198
58930047
80649336
65133548
64156009
12705944
61990543
43129924
71595023
2796507
35714424
18059181
27270793
76079200
47064934
17204828
80196192
36967249
15105889
69551410
27710642
15308945
48963728
54689706
51719500
38421957
44388166
83605185
61557337
47065585
67575955
39082275
75528846
4636587
58187233
97427583
13971527
52698561
23861976
46477284
12073806
4748504
67240408
18553170
51455749
68225272
17820689
86159671
97558307
87550365
59949470
19936700
37327128
34845357
64354221
36848798
1535278
68371549
92342216
83153856
64445925
15551271
69781536
20756560
76667445
85224554
91761430
92644313
57989367
64469091
35091864
34451614
51866426
5170369
88142028
84576600
32051640
50212522
78465470
86324110
64141581
13609349
25171955
51238376
52446660
81640104
9606991
95655035
90746353
75224383
88663306
88804112
49826754
10206400
44761314
88181876
76195497
9954067
64432980
43520463
89230319
15828308
90059676
26054258
37076076
97249209
74086988
81766926
7898549
74354849
51876085
52493166
71036657
29821325
18336201
39347880
3314604
15921928
27546059
6493070
44154072
54574615
20572765
61088862
31444338
90791791
87311736
53986183
45049064
72927676
48390942
24242300
99428851
92146642
86923317
72128096
19039950
19033760
80072633
26600025
58554446
25323626
94553729
53061023
35373145
9180399
28308044
28920145
81854969
58196118
7431794
84797165
37428974
63576772
98548534
36146945
68185630
41833893
44510176
47090553
8256525
57264752
23932807
57883282
69438111
641398
35149289
51263688
65307444
31403677
48669932
48433811
58576413
34899319
62331133
95231217
78785564
69255643
18819867
10057467
7455622
16154791
35085878
61608691
19995673
61197281
66551132
62538597
58827953
90530968
24334484
35764189
39788280
29526218
14300367
27721900
75364623
38775571
52826850
94329128
39372481
73352102
96608364
72655313
33702735
42122391
28631884
87981075
1991885
80443707
6322423
55926684
14952535
64735712
93056311
29716792
34918506
81505432
76724949
77713483
79631241
36577245
2995697
42897726
47844656
26706772
56042448
53099052
84855866
7895529
79787075
97673146
22169265
80053731
85044686
7601924
68958111
70871322
98517329
45989648
79762146
62416153
62311321
42519385
43454277
66172827
50295243
25309575
99714001
50443911
19818815
83423735
50495035
30719047
37667818
91774271
34274822
68015989
92375002
96707682
50256408
62314214
14172376
29709355
85748225
74316333
48288122
58485843
12118773
19967177
92052047
48662021
61636665
13693369
26071362
76721781
53088051
56269866
19101093
9263877
55536660
6651937
37554103
1880718
70024229
85088917
73083472
70414551
77513324
92985173
78734974
33723424
26097787
1243083
64775188
23226042
59158673
75914047
57441700
31142405
30901174
55129731
64740423
17470515
33533482
90454243
3997275
27349138
84279656
97321189
18045266
53193773
29682175
70830692
42759040
53818560
55141190
9261013
72343078
17534399
73094281
71090252
92060900
40057193
54869371
49771477
28329715
32117206
24441331
23084235
60783949
41579281
2238526
65905537
42966448
73983126
21830517
51419549
90559262
88108434
16709578
77887655
12562170
981379
3620423
83614478
71047209
79401444
69472978
94021405
27368947
7121451
37870947
672729
26848452
42736734
54997436
23972226
44420844
57348242
16177848
84908388
33315529
26286606
97914823
77909413
75537161
45452347
92714276
60404231
79917522
77027615
37383809
51612312
78901134
40574502
33059733
84342016
81067648
59451271
75994855
73089977
72089239
1835719
4803425
14535480
94711629
76605058
51950255
79880965
35710115
54426228
81130601
77967055
73013862
76117802
45648096
4433437
47766976
47459128
77333612
27530857
28836687
76725337
47559310
45513578
38363289
72129135
2762516
59477041
58095475
86743400
88578364
78449014
39169218
74574618
75064443
51960466
72062638
22231572
82186127
2709542
85050304
87723607
35973376
12209004
99696395
81484832
22623251
97514602
91153520
79217662
8090319
96483501
28142788
6422108
65362787
5595370
42338900
89642798
74348403
69798100
39347178
67855962
50830839
64477518
57155424
28561080
83572163
73020538
61734465
39713387
67596422
84710016
3909048
86577401
49372716
93233422
29022880
23696959
57519728
76885855
15392137
61542273
93075122
73987371
80871286
62649216
23004375
20001514
29533487
87933104
8795209
48962405
98386889
52440872
77799247
75883063
33386399
93542886
16259695
29400889
83464526
1664534
79322952
44582504
11758365
98200783
63767138
26675959
94552417
32379992
366156
11325941
43117213
42082801
26165986
94843406
19533139
9027552
13005726
72723296
77167163
42607500
7500239
1053814
24307877
87371706
35265952
99612786
21934891
82678152
94290879
89598716
77395853
78189729
87323546
11147784
96277536
52086936
52655949
69842030
45198244
54866579
15592818
46431286
98871642
65872974
97417545
36215465
69314624
11473570
1496380
13535336
51370966
55368839
35696346
99456528
38405102
71035937
58868712
43989994
39973829
13593662
73426352
99279040
39515075
3523749
87953407
54381878
22231915
9135297
32355430
71656101
54608220
42170879
33579701
85392801
92628721
53558451
19830004
26647873
15695046
70540159
56995404
864711
26330849
25941281
22057727
76186240
55877353
256071
3852326
81935743
63762489
73140370
66183238
20230622
17309295
96276753
37526785
11842676
22935219
4197322
93779511
79691881
25436638
7544083
3658879
32317774
48945537
30159956
87149444
20318578
48567956
84104033
20718910
87921883
76392702
81081890
57831508
69209613
68816229
56372893
63628254
2830901
79856094
96610524
1912979
10430555
74335371
5430481
47646443
14841643
50766258
32904834
35833269
51276233
11707105
30079424
16216758
18651556
81466915
69363718
61093959
94554131
42810865
12955659
21314849
75143836
91840716
23840855
60767025
20677032
37698210
67951584
26842445
98874164
7329714
50600292
5354895
72313126
71233127
93273163
65822202
7519949
77370940
18646351
93081122
72083966
21054678
66776554
80125405
80693025
18516185
83715292
29196543
40022213
54598590
8618952
65980159
35787927
47095130
14356170
91106268
38898690
45894676
84131391
891328
46144518
63250252
58250761
67433735
234005
4163616
11508651
62632716
99365753
41595199
98801896
54199200
77311953
86821707
34294832
48854176
1112736
58985987
28096667
60970092
220510
1102466
25382220
77380424
62653576
39655265
34445557
33705611
12007348
57417179
32545496
85931979
29150132
59069194
70836946
83341557
92878246
35293607
8996411
57077934
84614247
25654365
85112178
16269145
76681805
48912735
21246518
57724263
41445876
44276856
69760457
70646084
92740109
81387618
78753968
32771009
69403576
80063887
80901874
50071614
16347252
49189625
54441946
8698060
61946197
71701066
96100057
5449955
8125461
84430861
25612457
61617750
25231319
58152932
35199192
7277708
4575138
38961831
73346969
80318907
84388023
2355667
52823696
44229701
45301150
80449396
5662236
56559124
22654181
73674650
69326748
58653944
5787442
5260725
82560320
99203798
88431864
42455077
63049655
18946922
75980626
21729575
52587924
97211212
52610091
97265138
21186589
78172114
64492150
49338120
89539355
31674733
55567951
67767792
48703744
55928433
80172773
65854250
29707210
35731045
20757795
2042657
20781200
41198526
39222202
66669351
26832748
14994902
61811974
37818815
53957273
72013715
66976142
18169098
60058861
3329697
70144815
9255376
11112933
96156914
30794588
67136008
49253674
92771013
58831860
75017552
36103960
16308747
99121158
48186395
73652987
30540820
28565783
97332133
47512953
90942183
45474091
88281348
19551161
6950383
58004846
62353
54949639
22645677
45798960
24634825
89741721
27756476
52087875
54754152
61501760
13527474
95518949
72958447
69263977
42758702
20350160
30656656
27660219
99453400
42833693
90785338
13496386
77805844
30271747
61124946
43128406
77132034
98887321
25989110
18337455
87914453
37750843
83671920
78248548
78609369
24648045
10289292
9248378
55558017
79138796
25520796
88958405
27318501
53172431
18787928
77752384
18727276
61837812
74626598
82824032
97114610
2986602
91516525
49231513
2057825
51622413
95840097
93819962
3045483
11070047
95131431
99818039
32482819
87080253
97626036
76221826
75643560
85467464
40396167
61193802
91162495
38604579
42979012
3605706
7600053
38180650
646777
80572426
56729391
34229561
35533554
28661589
51834692
8960655
86020285
55047875
65046472
12989
7609501
82615854
25320917
19200602
90333806
50502712
98188351
82519384
20380099
79317097
30312225
48672974
22259368
79567858
88461483
10302297
67975280
9244044
5114919
92153479
5846207
95940361
63699545
17104890
55037242
71117184
34737845
73554470
53353697
17758095
65332273
66743597
52827074
6083995
24912165
24480489
70801387
30416252
93887852
16392063
93891442
56969623
16303520
3218577
1425233
70702368
90125014
1066955
92338133
38242766
14946742
7165690
42090385
39729267
44600632
55293292
60049231
88720506
11638104
39052165
67571805
16970949
91873892
14097002
85848435
93929034
83617867
89815487
62926058
16622726
51655799
39229657
59069444
46333786
66701724
53715070
67339175
92568422
61469991
52940577
48276714
16130669
74789338
33604874
42361386
45448517
50386883
95432403
20164412
39331711
4723856
46468469
53164429
16265783
35879535
6247059
55057491
71461978
1247054
19189335
70123144
34518051
96565968
22209969
10628530
14811186
69819429
18530209
67592553
45237440
1354039
45711857
61003777
89444035
69126566
8616535
17588960
59486899
24996808
84820754
10559462
49219540
64613480
29201156
11602191
7677342
42442703
88100370
99208106
53966277
48468751
98173918
75408451
4913884
39269975
40233105
41050686
21470415
10562191
68980983
64520558
18010748
88649503
93619429
64105763
91705160
79102521
20199967
12827007
39286349
92906512
48658774
3526637
41519826
30857452
38329065
99249928
119529
31793179
39917493
46611190
16504551
82986905
93600856
56980310
28200022
63486022
53840264
29775181
5883940
19912841
67159268
14673305
32769483
77133264
24931669
2629460
1379503
78122756
89923186
49666628
72025659
83498226
6551602
36099928
93697025
54652460
99676936
53223796
94622909
64517133
24140239
27497327
15805698
94531783
47584722
78504908
34801849
81249545
93350776
47226451
88810167
42102501
53938298
73224100
34229436
9596786
19452921
6026388
32884805
2953040
72000998
74621524
42734451
28879610
37957158
51816455
93858000
51594906
39324847
65188361
75758210
55158166
6713932
96637604
10178002
59077659
22086989
88644307
30732117
65838319
70127525
67363030
61718112
54248379
51572148
62110168
80700636
38215139
67895351
71840365
97074528
93285398
74973265
52056152
20693330
8917109
12462283
51780248
9665334
2508460
12660564
76957739
49715140
66626639
47668849
80770707
77792177
40317492
62606484
23651481
16385397
67980077
8816320
21722709
76437545
6549509
71937880
48741529
48784910
73904931
82891318
78106460
62504715
18124819
14027551
48337737
81289149
80160065
20275537
23514330
95762589
68182666
83277294
27828292
96443008
79025296
8235809
99409552
51171977
67294035
61991370
40355577
3872013
93667815
31994770
35179508
56075625
33051925
30064621
70013034
13924315
41849451
19337412
7742830
99288046
30449026
75797579
80803691
82065656
2327635
94987889
91551614
76859106
79225345
54243339
39637062
42487609
9016303
72923459
97480955
13661271
14811092
59501279
11425042
47811193
37079055
1803434
80663053
65097821
60851197
99924608
62356928
38982835
81775414
44065996
16979076
54210365
28580171
21881250
45734379
58414136
6760154
59855252
92747351
4292473
13410266
52507104
65576600
3156637
68742555
27386788
46772412
88405019
84261937
2502501
6949588
85601802
61273964
72468958
59483548
16529531
36935502
42895090
28164297
8212258
27317582
10477570
43325774
35649662
61744701
57603749
15867369
39719351
35328704
4415849
80993194
31675655
54399024
10029016
11324195
28039326
80369805
25216428
66153752
16138558
33649086
77346379
58001263
81625739
39692313
77003252
57292119
97226302
86866924
18217580
59435260
20016083
61955146
5234788
46695184
31301342
28944729
30245515
90036076
53357260
21646564
88852056
64587036
48594571
34796368
54173031
80743562
47884095
63583796
73444811
18399641
34186974
37562755
95676966
16985721
74605285
13838383
99854183
62173540
13641807
80131793
83714648
50910552
71158765
67110948
35688975
61334891
35926669
44987917
57970891
92722787
84624522
72140817
97711022
14037758
57117805
74503200
76735008
67509852
38327439
62107086
45671782
19536510
17964838
8616613
78077297
33158759
9690814
92203181
28285241
92038971
37415588
62260672
83866068
95501579
97827265
31558000
49493364
1315579
49452888
95576397
62303887
41855774
20986916
32467548
85389371
97712757
31517666
40587686
5628877
77309349
68934924
74658099
78961291
85520089
81190517
58802519
8648883
98383409
43248333
60106187
34269916
32436026
20468321
24018716
25699725
58392723
98544403
50202848
44352667
28272568
32779176
24963371
37880184
86174569
30310600
7012889
70076333
24743409
52836652
63087912
90749828
97805764
95002621
28596221
22602926
12643129
33335318
44086459
31655754
89371954
68984358
24433334
57928056
8300765
58964130
22146511
74058240
11192875
31373649
43664364
57736975
1202580
68456031
6562512
33666919
20310135
72506604
24713807
68922712
77189315
53014618
93200780
72276293
41770791
83672160
53908879
44108574
76633684
4465717
45627458
68656729
42173938
77044385
22645317
69280130
53348783
34275950
15674332
2072018
29825726
43445877
87111501
14674369
67466373
1670466
17374657
87494079
27983819
28436665
63170698
82147581
42948154
63780017
50239813
66230140
70033263
82319736
25137072
72152155
26854589
37354543
15128062
75583413
42216801
81010474
61665228
85243509
14382857
68369831
92063302
57526254
86698577
93434783
70640153
69298235
4620891
94115699
98155153
62001521
5575683
33911706
6071232
65049315
35430669
13620549
63347625
80293679
66832265
50581785
10398939
16512846
67327467
1576772
18505917
88105418
93268110
53008048
19313288
40340054
94616237
31820438
57439061
71142491
55115305
16554386
11412005
60619148
70503708
90948404
81141769
14708849
86741595
29729838
81230676
31209444
28307306
70188961
1148556
64572373
28693929
48287470
62418970
62751017
90785544
27903340
11093490
8775833
99589972
50163971
18526119
25787041
29361708
48634012
20354529
12239034
49926977
59438386
992442
19984210
35119114
64092581
1228749
29347755
27489546
62642169
51444030
32989553
11899085
35144140
16584221
34864486
25494553
1156051
42001673
6348255
5378585
15432140
98856807
16686579
13941339
27044179
53532144
42469366
69995064
25119540
43875445
93765186
3331561
37253816
3869808
34174800
65600990
67995260
1027414
38273502
76300419
6834168
28543347
48624074
78539104
92202670
22580556
10752658
17538501
22262899
30588712
67905525
90566481
2652068
79463795
32950238
67273517
58133078
72420750
91536862
83416492
65877970
23938364
35344936
75204274
37954450
45918783
97754068
66764889
12873278
32062892
43927022
97160913
18925101
92348994
70325425
90753440
11706881
14488917
95695433
86099453
12885165
6546923
96527455
44031254
40953322
16979600
94895599
75236196
70220671
64072859
24462921
19413949
43002556
56205777
80840451
62120742
58841223
19895084
41892269
47050108
83713638
79994309
47734277
23752540
92953888
4124704
87654747
69987152
27467964
79653730
73282759
78271237
14854299
16891384
43044785
33908776
53005734
94444441
48233721
34921310
893359
93892016
18759735
64893566
53560741
14419172
41844727
53255536
91370055
61425691
52448797
78335689
36206834
270929
15918955
2654356
11071672
18791687
77060357
95536939
81286704
96899610
58298283
50203377
70455489
44667327
56180665
51484387
380828
7078322
18084885
90052012
61944322
45134894
83723624
70986376
84838088
62040172
52980508
68640946
92601585
1387064
51382954
82175124
91242523
64878030
63820309
91652202
43679789
3069910
23191511
74471530
5692485
58600601
91275038
33631763
81387647
37158427
24499630
32970313
74859057
17714457
26872596
79626896
24240193
51371557
45949622
49437807
27944980
34773150
33294149
95343976
68890367
7550506
58261085
48300753
96706718
61317242
71373468
27836395
98002528
88183657
4943864
90403524
19216479
48908189
94462099
82799857
48404925
85544951
21976791
19328901
14229855
92665756
52335666
12580383
8859150
45040087
21603027
93063619
98388733
55901198
40877689
42791793
34655619
9275047
56280006
53894719
94505755
69303194
11548676
15432386
91047690
41650714
92730369
48118514
81674202
33736581
91788815
29277738
84801001
14261319
85866040
68794311
47185847
79233639
94986747
79027490
78301649
76893527
25587787
24103644
60766576
16732596
17652101
41978616
67684456
70033386
30828151
29750129
14092617
90111916
22091107
45888621
44440187
920372
15157267
66794725
66203222
58243453
71031743
15743620
56789027
28072700
75200197
55445713
90967742
72031008
93414461
18028366
34834307
64993917
49230339
22606906
93489371
79318250
8504975
46752850
78837657
96478363
82371721
82803905
12441232
75884076
33982774
33710178
27506320
61762546
68238863
47921836
70337530
44663284
91184106
11376194
81697620
61680896
41787031
60601675
14067339
53663185
39310067
34548115
47529290
42001038
15323205
21178052
42195365
13754374
50980657
36916785
38352832
33811317
35619822
20895550
79960315
62791633
89918397
86677455
47080739
8696686
10043531
15021777
59817143
60635715
38846310
22745603
25709011
21780751
98775046
44454350
95387373
31358516
31819519
72887802
89336824
44032244
47244293
63290619
29192386
66992041
79653388
95139998
21492650
71169537
37101693
98161952
31354478
19541424
92977627
3729102
878299
71326182
9665028
68727120
52834336
70659773
30550396
16740767
48525719
91940697
81890037
5578438
38590409
60758773
41920179
7107049
63207407
30500369
72551469
61565682
86076153
82327124
29626440
12996253
95370556
62365
26862838
68804612
92406742
92625162
57720300
91440827
96761541
25392887
19331570
34516503
28208662
40757506
18041550
86589372
12410698
45092601
38477590
30411989
81376685
9475385
73838043
13868388
45216295
38600035
58456046
61643624
99214926
64814947
25822076
42384436
42406848
72149411
91782739
29628202
26278440
85350891
77510083
66705653
39187193
62373714
35829706
70979626
19178966
30511344
71444748
8609498
88215719
23961558
20908686
24466838
85241226
68172977
73937218
94040991
68731502
78503451
12922851
99595062
5601950
31831965
63355047
71000281
25845362
44846715
23754636
32487891
24597652
3608429
80071294
38889359
43845813
63783045
47496458
87857371
47093261
33729157
4067138
46764939
95042457
80903422
2111987
30620078
22226024
13145047
11755333
20831873
49130596
22756568
61912977
94370215
36017750
73352679
64952506
93455776
51593910
89835461
57968858
32229048
16707989
5832039
4803574
89188667
65328240
35082972
36186006
23932557
8586020
76729128
61284417
21333392
38131303
21834357
4256171
52985953
58865937
36420131
22705744
3950905
45292450
42339733
97118858
99578212
59371421
50280506
73058500
7252788
15078288
65868522
3344002
76616744
78527893
23557625
36455779
85443948
9052918
11293759
12138775
18696108
93720767
22191692
64222434
11088166
26114279
81608113
84733145
30548576
16566244
13235024
87347659
49978042
22422873
76992713
16815547
54022635
8715152
86638573
73393124
79194574
80529573
33794755
64731298
33176461
75122226
30936295
62169309
17764235
79363
84475466
61950545
67843438
21454944
7494043
52300113
20687443
11387739
92714100
85559158
94547060
25028019
61400121
94443508
37266858
41092852
94136848
24113884
29207459
72472026
21963977
51401182
38416545
46970306
15354473
54194869
14930191
14532047
54275010
68917922
42279222
89036163
42611841
95233057
94755647
25589619
89736732
19473089
84041499
25875452
50116446
43798714
87268579
11418012
28803828
90159372
94704593
32739003
99163615
47758589
51511288
56958206
22887136
55568672
28550540
93446621
82009883
75280692
52655882
72363226
57411601
49431864
3794225
85051679
25868039
86925779
16732754
18911299
40825747
40456857
74401276
96671999
87582214
11068029
52552897
16491844
67092573
96016200
88062806
37068658
55528301
72921677
24174921
15360299
9058939
70023095
42405973
32164538
42422267
4240618
81439152
30472329
29116005
17473750
92404684
67772775
2092005
45616695
55779314
32392508
62312433
83067924
73320773
76601401
54298623
42045578
50953905
61594366
60079668
5200522
65544982
87481146
26702035
27699116
83711747
58315151
52387714
40562381
9774658
28621893
39683413
83954254
72359983
98369472
8116293
69473490
35596929
86318081
13190346
62925384
8400482
78851375
75454803
91339060
39099356
85512353
32502240
95153125
86039421
26615542
7815811
81958617
2053049
51675945
87889379
71711694
82820205
53972103
87642875
19504490
56709096
21693043
93572515
22561670
90285271
49134305
98035795
63482866
16211630
65562941
39960044
49268468
37956265
40000279
36021773
95810142
75361237
68053462
24509097
86213833
96814148
79535856
73904986
34579347
4094842
74693650
11272195
54914069
16117930
77507536
87251883
34301805
21777443
86358380
33931067
74050742
21207165
74521876
48943532
84032463
59557143
943886
8559688
99853076
76670394
13045207
98506560
81999050
19471307
7116615
44119914
66646841
43328808
97202710
79459841
23451136
14064794
45713283
8808198
15405117
294788
90698755
43178676
60202977
95882841
33222466
17765980
3495887
58434550
77824039
11016267
50063375
68691098
65942371
73700873
93446029
89994790
44777909
83509559
28744696
10438815
11240515
62194253
45306699
21035643
32237995
91338032
52278001
43855665
57666705
47340005
3407169
11166763
43677248
22429149
38971258
1069582
9110756
2514580
26245996
17562820
12030340
7028069
86242229
38133137
6290198
73573301
41028640
36116014
59236689
19223530
82456324
54900143
81543396
43651611
28867772
6738964
61964260
29274583
92057764
44499024
50216094
49898352
25783466
57094110
92627003
76120687
8922913
14831481
489890
86506022
71093668
54598289
18027086
68978198
25515199
49215572
15679652
89620868
89503888
75829342
27974406
50001904
63760440
56623175
7240309
85223113
46751904
92044075
64117436
22133197
81281703
65239162
10051540
97288139
75254659
10328325
87003646
89967538
54245246
52805496
63262967
36799146
71340880
34472834
60751422
67577706
57176373
98665707
61534613
1446535
79111007
75953662
15330014
47618356
69120599
28215883
93742215
30917405
68643872
30745278
75688141
50540827
34487080
32540419
58352820
41239848
42841021
90822680
57699655
50846261
76421611
89489394
60457159
93376710
2026755
32613103
43859622
27549065
57923706
85839147
37617298
36011803
22190840
94029163
77109411
60900142
58477518
23226662
71281306
32012148
10774722
65420817
42187315
32018744
22007950
10610467
61643604
81688885
95200681
91786856
78525849
96337824
11780217
1103336
32292166
19840579
39762042
66680366
61791042
23767710
87497477
58736880
3658408
75655428
91736782
59513166
79489375
21092307
87167091
21692755
62426865
26865076
4292743
15073382
97914022
63536944
86523084
74255489
77364235
27758532
85328121
59421321
33200378
7295380
39832320
16771119
33481188
45314581
17673117
91418549
60176052
54177059
73968531
41115172
12389345
96144884
95396152
74374923
43402366
39595412
12529858
88278910
77857652
88657467
93552121
62078925
12782782
44001560
75240546
32172596
13620334
16838915
93253549
15704705
16742932
93759391
36711711
32734139
78845014
91570456
36338830
60194693
35937286
46844350
50015141
6526801
57883272
2188870
8734404
43839399
35989918
32591528
68117026
78611190
95696843
87521904
29814411
21108502
21737281
31853771
8872870
90183764
83593771
11596095
32300412
27017013
57107159
87173234
59479923
40766939
83439930
20339703
96185130
32498652
83253809
80880176
33883475
91468257
76502013
80015933
36009789
37103718
63496037
90573952
49144947
79264878
67650155
74228825
60341036
15971171
56163391
78270842
78525272
96781845
81188071
50522497
96254585
55201969
29311537
22351657
80632966
72143945
48009422
19033993
67841529
4598914
77534082
66165517
87147232
48533330
81065268
78419739
64097204
60022263
25781707
28187398
41436242
8408378
33773381
30273180
36331464
46034673
14149925
44814684
93445838
16335342
36316982
29045861
97384946
62372347
86908580
5027812
94427658
67837983
51407804
83066926
40702507
48008267
93515893
40943254
88861920
14533143
40980922
23649807
70932327
57778981
93462179
77286881
1707324
33418126
52114771
23068061
6131671
66098731
30417246
12255784
78379564
85220043
99068104
73971950
93796144
4152688
91840131
51096629
49609008
93391733
3295427
18833749
9356613
68015077
60277311
59408725
11658729
71395105
13475938
55804765
64269968
58683552
30072972
52749633
98775207
39265960
52123546
83616306
78540997
42399064
93857418
46138287
82773143
88946508
36562859
14953937
33091533
2693217
32249410
20210085
4941466
27737622
95356269
75411434
62073802
74694905
39468995
97222807
69515915
85651425
60116791
78491015
20543262
38756877
11201294
97622570
6341590
21552445
69383900
20071665
39547083
13774362
90018680
15616081
46624891
69241515
94478982
46349545
44757101
33606720
12610704
91761531
75425778
72747841
66609328
32386342
73082341
89000688
18499132
84942939
72138068
91200203
10256477
24327528
23616296
63123037
45147595
525022
50656213
79415889
51816511
64686944
59244161
8884841
27825093
99455646
85186193
83297665
35471829
42528533
95871941
15447496
70665578
54693398
17897855
35327452
34650446
74014003
95405860
10627787
96006210
86436890
70132089
147030
37409039
38690430
28776603
53730752
36699698
49948775
70380528
65033151
21767039
30549872
94935839
51145872
17550239
11934503
26815926
781586
21798322
48035486
86088584
16257621
71139621
85337410
99626264
63349031
46583107
7978872
24082385
29356321
57618388
82499515
71314393
83014854
54312895
41349603
49600501
5575258
31860822
50689035
39234500
22718524
70247982
27662454
51847052
30717706
94972290
88982341
78219672
60772105
34801537
17842677
1114486
29667071
93555564
31253117
55980585
62020057
92817793
75539430
93516832
9812137
66558876
78933176
24504989
77130106
90638849
15256945
89282285
2324577
2351086
90821999
34171751
58306307
35981697
25730675
9495638
96566935
60746316
3964259
87852969
76602894
72485637
20694893
48004512
19825667
86984767
93487652
6732525
11065957
15268233
89662518
25445451
77882041
84036411
28633816
92477303
67768914
35307244
66972076
69086551
97921600
86386670
42445467
6540704
74780387
15457417
53737001
68751132
69721273
62921990
26878373
77734019
44699620
21701275
64628412
52076532
65806589
74975264
66294338
4010066
53993688
26175980
46585629
3394055
45119845
61903744
11429450
7121809
11769935
83932623
86946234
23303173
28856268
51675687
40574866
98269243
85055760
28568320
73511594
36478566
24358546
65552727
85854527
98868545
78032898
78817281
79659793
34120018
36376670
86877421
23509488
25430999
71558001
71014882
74211610
98196607
17929093
50819430
88723655
65701082
37442900
83733090
47545692
76307182
18124601
62448280
14579675
5208286
67629312
39047948
43805739
26508494
35682280
88817173
14930967
48669164
13435923
57493299
6949105
45315334
67702868
71829511
94569223
97703753
92448450
12931458
98811499
35767775
81846106
94896988
86854412
34489052
64487288
97740094
97580718
99807043
56041576
84365825
99061678
7605972
32011178
25570553
67796305
35619421
29655542
49440516
92748681
5932961
66644167
13822321
79196197
58988874
14179868
15865678
48468158
85703800
63583613
19724888
84078582
78976465
14351366
80749037
95559166
10316066
47535836
65745409