Chelsea Found These Primes: 
2
3
5
7
11
13
17
19
23
29
31
37
41
43
47
53
59
61
67
71
73
79
83
89
97
101
103
107
109
113
127
131
137
139
149
151
157
163
167
173
179
181
191
193
197
199
86115079
29200607
51904189
58372777
30855389
99236827
28689667
85941421
33431947
68278879
66069929
42860971
68827711
23551763
43311787
66430249
66717737
77351347
46340219
51552827
76013369
54524149
82858019
63030371
72170557
39479507
79702277
42842711
26438509
62207609
78514559
34590443
31939603
62989177
17831813
20439077
52756271
13236617
22452449
51367681
30437653
28990147
52815437
3911573
64367113
67600873
31684351
23554957
96164161
13842137
69887641
11210993
2406149
79074517
11239483
61705207
6567131
37335919
46275709
35906579
69467579
8678783
83399513
42375497
1806379
18146399
63128297
66458261
81069647
9440183
32323933
77311777
37996697
85523561
88517189
37997153
11365283
25952989
31890979
64852219
50406401
66065897
43199131
46281617
21938663
58977857
30533197
36887
95474021
40007663
57406289
91175477
65299457
28990267
85849433
83387221
50687753
16224193
92656601
92265839
77978839
59679073
77449859
23857333
45164569
72859151
39956611
40942679
68047061
32485933
82099463
20156431
775063
11524553
98230007
1937363
68125243
28167833
35051833
51718543
65631623
85402409
97118113
56520511
19002857
94378709
38149171
89043109
25851389
15487531
19594397
67579973
55354751
69827161
8963897
42955669
11767037
68052799
29074117
74439803
98960941
26619847
12463961
15232703
10519679
20620687
73770451
18819529
73451201
12733013
66874853
25267001
7051367
58962439
47506369
15858439
53115899
15998579
90709889
60758807
20431247
20953973
93068623
95760961
81484069
60734539
87686999
33034327
50944007
63749149
30714787
3943721
56869361
54878333
9665933
78221159
34938517
91652203
34025009
96153521
8123987
28821721
37432013
46203673
31491917
60752173
52452401
58170901
86139409
6375067
25593053
27406259
62338021
9947237
22186147
63506789
71606779
26528651
73257661
24657719
21095231
16232459
64122199
6831857
25854319
14372977
37384043
89258131
72014779
35809771
84392299
7573057
98234701
2700611
61883803
48942661
13719397
21661639
73021489
20802137
88153379
57614059
77747491
53092531
51218021
15037391
47595187
17089603
64593889
3292343
76481473
36592123
11219797
48683573
23462239
4568243
5427661
22497401
9298717
10865143
27967441
35614477
19771133
97251391
98519381
74473081
7027931
23274571
65983429
52508479
95404847
54280799
46204913
76321321
3225653
93493637
34711751
39915377
49957927
56410577
27388961
34004909
23577451
68157433
92649859
34064717
75335693
15627943
87283621
2308391
16711297
3049153
64969327
26808637
85463773
52534543
72569969
14473957
71513531
43025041
76494293
2974561
73122817
69679229
52824241
3123431
78959819
14918723
16436149
68334631
1635631
6310583
82293187
38709383
6023359
48347207
73284749
43621117
16738369
21181081
75733067
2487269
90000931
48536429
7474009
97094567
12487
91514197
17175973
52085609
81123223
8702819
36055739
89723171
78368989
54854911
13153541
6342883
5439527
46292089
70028701
50190433
51485219
751217
19378561
24538091
70555553
63858427
63499921
80481733
2005841
39108373
72232033
63960913
63887701
64158737
26404397
29803127
35481517
63111289
94633573
2303377
77421089
28183079
25402127
85665361
7248959
55305031
36544633
88320907
78053551
6609247
46240409
37843147
40806641
17275333
11074573
9698791
94534199
63133151
94325867
78177313
46662397
19101833
34046737
34440947
1186841
6346201
61530281
6766241
15040379
89138761
24925567
47043517
76957073
72746881
81040987
23503439
8182091
29183537
84468089
55009349
61303927
8263169
97416827
41752903
71941703
55435421
45187631
98553887
47228359
32558993
52652731
81531227
95849629
51295667
61442873
12338213
37814857
56479993
18192749
55901179
48866611
98027029
91959071
86352047
61557337
51455749
68371549
92644313
5170369
9606991
90746353
89230319
7898549
71036657
94553729
31403677
16154791
19995673
61197281
58827953
38775571
72655313
2995697
62311321
91774271
19967177
85088917
53193773
9261013
60783949
27368947
97914823
77909413
73089977
72089239
27530857
87723607
15392137
29533487
98386889
75883063
33386399
77395853
87953407
81935743
58250761
99365753
32771009
61946197
96100057
25231319
80172773
2042657
60058861
72958447
11070047
7609501
5846207
83617867
89815487
16130669
16265783
10562191
93619429
3526637
1379503
24140239
38215139
8917109
12462283
76957739
66626639
18124819
8235809
47811193
65097821
16529531
35926669
33158759
28285241
95501579
5628877
85520089
98544403
28596221
44086459
68656729
26854589
98155153
80293679
57439061
16584221
27044179
3331561
67273517
6546923
64072859
893359
61425691
18791687
95536939
51484387
91242523
43679789
32970313
24240193
88183657
40877689
84801001
29750129
15157267
55445713
93489371
96478363
39310067
878299
70659773
91440827
88215719
68172977
89188667
81608113
19473089
87268579
47758589
40825747
96671999
52552897
7815811
87889379
21693043
65562941
36021773
77824039
7028069
54598289
7240309
75254659
69120599
50540827
91418549
32734139
21737281
15971171
62372347
51096629
93391733
82773143
46624891
42528533
10627787
63349031
77882041
69086551
53737001
26878373
65806589
7121809
23303173
88817173
98811499
25570553
63583613
80749037
